Iteration number: 96 
Timestep: 360.0 [s]
Time of simulation: 432000.0 [s]
Time of simulation: 7200.0 [min]
Initial volume: 4320.0 [ m^3]
Total volume: 4320.000000000044 [m^3]
Time convergence of CG: 0.005434669 [s]
PiezHead	AquifThick	WaterVolume	Source
[m]	[m]	[m^3]	[m^3/s]
401.85389118160356	0.8538911816035579	34.15564726414232	0.0
401.8567849715887	0.856784971588695	34.2713988635478	0.0
401.8569636588433	0.8569636588433127	34.27854635373251	0.0
401.85696931835156	0.8569693183515597	34.278772734062386	0.0
401.85696944469714	0.8569694446971425	34.2787777878857	0.0
401.856969446913	0.8569694469130127	34.27877787652051	0.0
401.8569694469452	0.8569694469451861	34.27877787780744	0.0
401.8569694469452	0.8569694469451861	34.27877787780744	0.0
401.856969446913	0.8569694469130127	34.27877787652051	0.0
401.85696944469714	0.8569694446971425	34.2787777878857	0.0
401.85696931835156	0.8569693183515597	34.278772734062386	0.0
401.8569636588433	0.8569636588433127	34.27854635373251	0.0
401.8567849715887	0.856784971588695	34.2713988635478	0.0
401.85389118160356	0.8538911816035579	34.15564726414232	0.0
400.4093801179147	1.1393801179146976	45.575204716587905	0.0
400.2701715682771	1.0001715682770964	40.00686273108386	0.0
400.26392999099113	0.9939299909911483	39.75719963964593	0.0
400.2637510424034	0.9937510424034031	39.75004169613612	0.0
400.2637471166633	0.9937471166633145	39.74988466653258	0.0
400.26374704656905	0.9937470465690694	39.74988186276278	0.0
400.26374704551176	0.9937470455117818	39.74988182047127	0.0
400.26374704551176	0.9937470455117818	39.74988182047127	0.0
400.26374704656905	0.9937470465690694	39.74988186276278	0.0
400.2637471166633	0.9937471166633145	39.74988466653258	0.0
400.2637510424034	0.9937510424034031	39.75004169613612	0.0
400.26392999099113	0.9939299909911483	39.75719963964593	0.0
400.2701715682771	1.0001715682770964	40.00686273108386	0.0
400.4093801179147	1.1393801179146976	45.575204716587905	0.0
398.53648818863115	0.9964881886311332	39.85952754524533	0.0
398.5396034291012	0.9996034291011711	39.98413716404684	0.0
398.5398087587994	0.9998087587993609	39.99235035197444	0.0
398.5398155307154	0.9998155307153525	39.9926212286141	0.0
398.5398156886124	0.9998156886123866	39.99262754449546	0.0
398.5398156915287	0.9998156915286813	39.99262766114725	0.0
398.5398156915287	0.9998156915286813	39.99262766114725	0.0
398.5398156886124	0.9998156886123866	39.99262754449546	0.0
398.5398155307154	0.9998155307153525	39.9926212286141	0.0
398.5398087587994	0.9998087587993609	39.99235035197444	0.0
398.5396034291012	0.9996034291011711	39.98413716404684	0.0
398.53648818863115	0.9964881886311332	39.85952754524533	0.0
396.95634328705574	1.1463432870557426	45.853731482229705	0.0
396.81619891690826	1.0061989169082608	40.24795667633043	0.0
396.8101615637963	1.0001615637963255	40.00646255185302	0.0
396.8099994228891	0.9999994228891183	39.99997691556473	0.0
396.8099959556167	0.9999959556167255	39.99983822466902	0.0
396.80999589207613	0.9999958920761287	39.99983568304515	0.0
396.80999589207613	0.9999958920761287	39.99983568304515	0.0
396.8099959556168	0.9999959556167823	39.999838224671294	0.0
396.8099994228891	0.9999994228891183	39.99997691556473	0.0
396.8101615637963	1.0001615637963255	40.00646255185302	0.0
396.81619891690826	1.0061989169082608	40.24795667633043	0.0
396.95634328705574	1.1463432870557426	45.853731482229705	0.0
395.07694461286025	0.9969446128602613	39.87778451441045	0.0
395.0798062712227	0.9998062712227238	39.99225084890895	0.0
395.07999348952	0.9999934895200226	39.999739580800906	0.0
395.0799997734961	0.9999997734961426	39.9999909398457	0.0
395.07999992319685	0.9999999231968673	39.99999692787469	0.0
395.07999992319685	0.9999999231968673	39.99999692787469	0.0
395.0799997734961	0.9999997734961426	39.9999909398457	0.0
395.07999348952	0.9999934895200226	39.999739580800906	0.0
395.0798062712227	0.9998062712227238	39.99225084890895	0.0
395.07694461286025	0.9969446128602613	39.87778451441045	0.0
393.49635473239493	1.1463547323949115	45.85418929579646	0.0
393.35620340715553	1.0062034071555104	40.248136286220415	0.0
393.35016557143746	1.0001655714374351	40.006622857497405	0.0
393.35000341735196	1.0000034173519339	40.000136694077355	0.0
393.3500000575661	1.0000000575660692	40.00000230264277	0.0
393.3500000575661	1.0000000575660692	40.00000230264277	0.0
393.35000341735196	1.0000034173519339	40.000136694077355	0.0
393.35016557143746	1.0001655714374351	40.006622857497405	0.0
393.35620340715553	1.0062034071555104	40.248136286220415	0.0
393.49635473239493	1.1463547323949115	45.85418929579646	0.0
391.6169448185981	0.9969448185980809	39.87779274392324	0.0
391.6198064582747	0.9998064582746906	39.992258330987625	0.0
391.619993674326	0.9999936743259923	39.99974697303969	0.0
391.61999985108616	0.9999998510861587	39.99999404344635	0.0
391.61999985108616	0.9999998510861587	39.99999404344635	0.0
391.61999367432605	0.9999936743260491	39.999746973041965	0.0
391.6198064582747	0.9998064582746906	39.992258330987625	0.0
391.6169448185981	0.9969448185980809	39.87779274392324	0.0
390.0363547358716	1.1463547358716255	45.85418943486502	0.0
389.8962034100107	1.0062034100106985	40.24813640042794	0.0
389.8901655766668	1.0001655766668023	40.00662306667209	0.0
389.8900035009307	1.0000035009306885	40.00014003722754	0.0
389.8900035009307	1.0000035009306885	40.00014003722754	0.0
389.8901655766668	1.0001655766668023	40.00662306667209	0.0
389.8962034100107	1.0062034100106985	40.24813640042794	0.0
390.0363547358716	1.1463547358716255	45.85418943486502	0.0
388.1569448206897	0.9969448206896914	39.877792827587655	0.0
388.1598065482912	0.9998065482911898	39.99226193164759	0.0
388.15999496794	0.9999949679399833	39.99979871759933	0.0
388.15999496794	0.9999949679399833	39.99979871759933	0.0
388.1598065482912	0.9998065482911898	39.99226193164759	0.0
388.1569448206897	0.9969448206896914	39.877792827587655	0.0
386.57635461111045	1.1463546111104392	45.85418444441757	0.0
386.4361973171927	1.0061973171926866	40.24789268770746	0.0
386.4300688996779	1.000068899677899	40.00275598711596	0.0
386.4300688996779	1.000068899677899	40.00275598711596	0.0
386.4361973171927	1.0061973171926866	40.24789268770746	0.0
386.57635461111045	1.1463546111104392	45.85418444441757	0.0
384.69675985909186	0.9967598590918669	39.87039436367468	0.0
384.69631108001647	0.9963110800164827	39.85244320065931	0.0
384.69631108001647	0.9963110800164827	39.85244320065931	0.0
384.69675985909186	0.9967598590918669	39.87039436367468	0.0
383.12329796978537	1.153297969785342	46.13191879141368	0.0
383.1232869212349	1.1532869212348942	46.13147684939577	0.0
383.1232869212349	1.1532869212348942	46.13147684939577	0.0
383.1232979697854	1.153297969785399	46.131918791415956	0.0

