Iteration number: 186 
Timestep: 360.0 [s]
Time of simulation: 432000.0 [s]
Time of simulation: 7200.0 [min]
Initial volume: 4320.0 [ m^3]
Total volume: 4319.9999999999945 [m^3]
Time convergence of CG: 0.005409472 [s]
PiezHead	AquifThick	WaterVolume	Source
[m]	[m]	[m^3]	[m^3/s]
401.7263892125017	0.7263892125017151	29.055568500068603	0.0
401.7330869274123	0.7330869274122733	29.323477096490933	0.0
401.7340279800394	0.7340279800394001	29.361119201576003	0.0
401.7340853606085	0.7340853606085034	29.363414424340135	0.0
401.7340877450819	0.7340877450819221	29.363509803276884	0.0
401.73408782216256	0.7340878221625644	29.363512886502576	0.0
401.73408782422143	0.734087824221433	29.36351296885732	0.0
401.73408782422143	0.734087824221433	29.36351296885732	0.0
401.73408782216256	0.7340878221625644	29.363512886502576	0.0
401.7340877450819	0.7340877450819221	29.363509803276884	0.0
401.7340853606085	0.7340853606085034	29.363414424340135	0.0
401.7340279800394	0.7340279800394001	29.361119201576003	0.0
401.7330869274123	0.7330869274122733	29.323477096490933	0.0
401.7263892125017	0.7263892125017151	29.055568500068603	0.0
400.5181565830723	1.2481565830723298	49.92626332289319	0.0
400.2707531126742	1.0007531126742037	40.03012450696815	0.0
400.24887528448687	0.9788752844868895	39.15501137947558	0.0
400.2476884850237	0.9776884850236911	39.107539400947644	0.0
400.2476394114514	0.9776394114514346	39.105576458057385	0.0
400.24763775541953	0.9776377554195506	39.10551021678202	0.0
400.2476377082217	0.9776377082217209	39.10550832886884	0.0
400.2476377082217	0.9776377082217209	39.10550832886884	0.0
400.24763775541953	0.9776377554195506	39.10551021678202	0.0
400.2476394114514	0.9776394114514346	39.105576458057385	0.0
400.2476884850237	0.9776884850236911	39.107539400947644	0.0
400.24887528448687	0.9788752844868895	39.15501137947558	0.0
400.2707531126742	1.0007531126742037	40.03012450696815	0.0
400.5181565830723	1.2481565830723298	49.92626332289319	0.0
398.5296554912038	0.9896554912037914	39.586219648151655	0.0
398.53743165978807	0.9974316597880488	39.89726639152195	0.0
398.5386455502879	0.9986455502879039	39.94582201151616	0.0
398.53872498283	0.9987249828299696	39.94899931319878	0.0
398.53872855847106	0.9987285584710435	39.94914233884174	0.0
398.53872868558835	0.9987286855883326	39.949147423533304	0.0
398.53872868558835	0.9987286855883326	39.949147423533304	0.0
398.53872855847106	0.9987285584710435	39.94914233884174	0.0
398.53872498283	0.9987249828299696	39.94899931319878	0.0
398.5386455502879	0.9986455502879039	39.94582201151616	0.0
398.53743165978807	0.9974316597880488	39.89726639152195	0.0
398.5296554912038	0.9896554912037914	39.586219648151655	0.0
397.08482028184915	1.274820281849145	50.9928112739658	0.0
396.83196658572126	1.021966585721259	40.87866342885036	0.0
396.8109993349334	1.0009993349333968	40.03997339733587	0.0
396.8099871562244	0.9999871562243925	39.9994862489757	0.0
396.809947154786	0.9999471547860139	39.99788619144056	0.0
396.8099457394561	0.9999457394561091	39.997829578244364	0.0
396.8099457394561	0.9999457394561091	39.997829578244364	0.0
396.8099471547861	0.9999471547860708	39.99788619144283	0.0
396.8099871562244	0.9999871562243925	39.9994862489757	0.0
396.8109993349334	1.0009993349333968	40.03997339733587	0.0
396.83196658572126	1.021966585721259	40.87866342885036	0.0
397.08482028184915	1.274820281849145	50.9928112739658	0.0
395.0726494580324	0.9926494580324174	39.7059783212967	0.0
395.0789154985443	0.9989154985443065	39.95661994177226	0.0
395.07992564664556	0.999925646645579	39.99702586582316	0.0
395.0799947789507	0.999994778950736	39.99979115802944	0.0
395.07999801704574	0.9999980170457548	39.99992068183019	0.0
395.07999801704574	0.9999980170457548	39.99992068183019	0.0
395.0799947789507	0.999994778950736	39.99979115802944	0.0
395.07992564664556	0.999925646645579	39.99702586582316	0.0
395.0789154985443	0.9989154985443065	39.95661994177226	0.0
395.0726494580324	0.9926494580324174	39.7059783212967	0.0
393.62497752862265	1.2749775286226281	50.999101144905126	0.0
393.37203059855307	1.0220305985530445	40.88122394212178	0.0
393.351051444262	1.0010514442619751	40.042057770479005	0.0
393.35003867059953	1.0000386705995084	40.001546823980334	0.0
393.3500011505361	1.000001150536093	40.00004602144372	0.0
393.3500011505361	1.000001150536093	40.00004602144372	0.0
393.35003867059953	1.0000386705995084	40.001546823980334	0.0
393.351051444262	1.0010514442619751	40.042057770479005	0.0
393.37203059855307	1.0220305985530445	40.88122394212178	0.0
393.62497752862265	1.2749775286226281	50.999101144905126	0.0
391.6126549626626	0.9926549626625842	39.70619850650337	0.0
391.61892011630687	0.9989201163068628	39.95680465227451	0.0
391.6199301380049	0.9999301380049133	39.99720552019653	0.0
391.61999679404005	0.9999967940400438	39.99987176160175	0.0
391.6199967940401	0.9999967940401007	39.99987176160403	0.0
391.6199301380049	0.9999301380049133	39.99720552019653	0.0
391.61892011630687	0.9989201163068628	39.95680465227451	0.0
391.6126549626626	0.9926549626625842	39.70619850650337	0.0
390.1649777207065	1.274977720706488	50.99910882825952	0.0
389.91203073519824	1.022030735198257	40.88122940793028	0.0
389.891051668915	1.0010516689150109	40.042066756600434	0.0
389.89004046875607	1.000040468756083	40.001618750243324	0.0
389.89004046875607	1.000040468756083	40.001618750243324	0.0
389.891051668915	1.0010516689150109	40.042066756600434	0.0
389.91203073519824	1.022030735198257	40.88122940793028	0.0
390.1649777207065	1.274977720706488	50.99910882825952	0.0
388.15265504097334	0.9926550409733181	39.706201638932725	0.0
388.1589219868901	0.9989219868900818	39.95687947560327	0.0
388.1599440070466	0.9999440070465653	39.99776028186261	0.0
388.1599440070466	0.9999440070465653	39.99776028186261	0.0
388.1589219868901	0.9989219868900818	39.95687947560327	0.0
388.15265504097334	0.9926550409733181	39.706201638932725	0.0
386.704974911556	1.2749749115560007	50.99899646224003	0.0
386.45196863625404	1.0219686362540301	40.878745450161205	0.0
386.430519380775	1.0005193807750175	40.0207752310007	0.0
386.430519380775	1.0005193807750175	40.0207752310007	0.0
386.45196863625404	1.0219686362540301	40.878745450161205	0.0
386.704974911556	1.2749749115560007	50.99899646224003	0.0
384.6917516851602	0.9917516851602386	39.670067406409544	0.0
384.6888850920513	0.988885092051305	39.5554036820522	0.0
384.6888850920513	0.988885092051305	39.5554036820522	0.0
384.6917516851602	0.9917516851602386	39.670067406409544	0.0
383.2717590326149	1.301759032614882	52.07036130459528	0.0
383.2716124367791	1.3016124367790667	52.06449747116267	0.0
383.27161243677915	1.3016124367791235	52.06449747116494	0.0
383.27175903261497	1.3017590326149389	52.070361304597554	0.0

