Iteration number: 301 
Timestep: 360.0 [s]
Time of simulation: 432000.0 [s]
Time of simulation: 7200.0 [min]
Initial volume: 4320.0 [ m^3]
Total volume: 4319.999999999877 [m^3]
Time convergence of CG: 0.005490806 [s]
PiezHead	AquifThick	WaterVolume	Source
[m]	[m]	[m^3]	[m^3/s]
401.5817789460199	0.581778946019881	23.27115784079524	0.0
401.5888830711453	0.5888830711452897	23.555322845811588	0.0
401.5914489697828	0.5914489697827889	23.657958791311557	0.0
401.59170824899394	0.5917082489939389	23.668329959757557	0.0
401.5917250310212	0.5917250310212125	23.6690012408485	0.0
401.59172586604825	0.5917258660482503	23.66903464193001	0.0
401.59172590033586	0.5917259003358595	23.66903601343438	0.0
401.59172590033586	0.5917259003358595	23.66903601343438	0.0
401.59172586604825	0.5917258660482503	23.66903464193001	0.0
401.59172503102127	0.5917250310212694	23.669001240850776	0.0
401.59170824899394	0.5917082489939389	23.668329959757557	0.0
401.5914489697828	0.5914489697827889	23.657958791311557	0.0
401.5888830711453	0.5888830711452897	23.555322845811588	0.0
401.5817789460199	0.581778946019881	23.27115784079524	0.0
400.6223225898077	1.3523225898077271	54.092903592309085	0.0
400.27092066224293	1.0009206622429474	40.036826489717896	0.0
400.219777064262	0.9497770642620367	37.99108257048147	0.0
400.2153621256093	0.9453621256093356	37.814485024373425	0.0
400.21507480342876	0.9450748034287813	37.80299213715125	0.0
400.2150594479602	0.9450594479602046	37.80237791840818	0.0
400.2150587521901	0.945058752190107	37.80235008760428	0.0
400.2150587521901	0.945058752190107	37.80235008760428	0.0
400.21505944796024	0.9450594479602614	37.80237791841046	0.0
400.21507480342876	0.9450748034287813	37.80299213715125	0.0
400.2153621256093	0.9453621256093356	37.814485024373425	0.0
400.219777064262	0.9497770642620367	37.99108257048147	0.0
400.27092066224293	1.0009206622429474	40.036826489717896	0.0
400.6223225898077	1.3523225898077271	54.092903592309085	0.0
398.52110400067176	0.9811040006717349	39.244160026869395	0.0
398.5307277826386	0.9907277826386007	39.62911130554403	0.0
398.53447770847697	0.9944777084769498	39.77910833907799	0.0
398.53489647892025	0.994896478920225	39.795859156809	0.0
398.5349272700929	0.9949272700928873	39.79709080371549	0.0
398.53492904580514	0.9949290458051223	39.79716183220489	0.0
398.53492904580514	0.9949290458051223	39.79716183220489	0.0
398.5349272700929	0.9949272700928873	39.79709080371549	0.0
398.53489647892025	0.994896478920225	39.795859156809	0.0
398.53447770847697	0.9944777084769498	39.77910833907799	0.0
398.5307277826386	0.9907277826386007	39.62911130554403	0.0
398.52110400067176	0.9811040006717349	39.244160026869395	0.0
397.2312323619131	1.4212323619130984	56.84929447652394	0.0
396.8628421897339	1.0528421897338944	42.11368758935578	0.0
396.81351147359277	1.0035114735927664	40.140458943710655	0.0
396.8098864423883	0.9998864423882878	39.99545769553151	0.0
396.80966297768447	0.9996629776844657	39.986519107378626	0.0
396.8096501941546	0.999650194154583	39.98600776618332	0.0
396.8096501941546	0.999650194154583	39.98600776618332	0.0
396.80966297768447	0.9996629776844657	39.986519107378626	0.0
396.8098864423883	0.9998864423882878	39.99545769553151	0.0
396.81351147359277	1.0035114735927664	40.140458943710655	0.0
396.8628421897339	1.0528421897338944	42.11368758935578	0.0
397.2312323619131	1.4212323619130984	56.84929447652394	0.0
395.07238129507374	0.9923812950737556	39.695251802950224	0.0
395.07690717858503	0.9969071785850474	39.876287143401896	0.0
395.0796145337596	0.9996145337595976	39.984581350383905	0.0
395.0799525437624	0.9999525437623902	39.99810175049561	0.0
395.0799789772439	0.9999789772439271	39.999159089757086	0.0
395.07997897724385	0.9999789772438703	39.99915908975481	0.0
395.0799525437624	0.9999525437623902	39.99810175049561	0.0
395.0796145337596	0.9996145337595976	39.984581350383905	0.0
395.07690717858503	0.9969071785850474	39.876287143401896	0.0
395.07238129507374	0.9923812950737556	39.695251802950224	0.0
393.77226582540504	1.4222658254050202	56.89063301620081	0.0
393.4032901054058	1.0532901054057788	42.13160421623115	0.0
393.3538435397881	1.003843539788079	40.15374159152316	0.0
393.3502096518067	1.0002096518066992	40.00838607226797	0.0
393.3500089925102	1.0000089925101747	40.00035970040699	0.0
393.3500089925102	1.0000089925101747	40.00035970040699	0.0
393.3502096518067	1.0002096518066992	40.00838607226797	0.0
393.3538435397881	1.003843539788079	40.15374159152316	0.0
393.4032901054058	1.0532901054057788	42.13160421623115	0.0
393.77226582540504	1.4222658254050202	56.89063301620081	0.0
391.6124417440147	0.992441744014684	39.69766976058736	0.0
391.6169538215115	0.9969538215115108	39.87815286046043	0.0
391.6196588031347	0.9996588031347073	39.986352125388294	0.0
391.6199740093864	0.999974009386392	39.99896037545568	0.0
391.6199740093864	0.999974009386392	39.99896037545568	0.0
391.6196588031347	0.9996588031347073	39.986352125388294	0.0
391.6169538215115	0.9969538215115108	39.87815286046043	0.0
391.6124417440147	0.992441744014684	39.69766976058736	0.0
390.31226948870835	1.4222694887083662	56.89077954833465	0.0
389.9432923915804	1.0532923915804417	42.13169566321767	0.0
389.89384668961225	1.00384668961226	40.1538675844904	0.0
389.89022479155835	1.0002247915583666	40.008991662334665	0.0
389.89022479155835	1.0002247915583666	40.008991662334665	0.0
389.89384668961225	1.00384668961226	40.1538675844904	0.0
389.9432923915804	1.0532923915804417	42.13169566321767	0.0
390.31226948870835	1.4222694887083662	56.89077954833465	0.0
388.15244254898477	0.9924425489847408	39.69770195938963	0.0
388.15696650907523	0.9969665090752073	39.878660363008294	0.0
388.15971843907164	0.9997184390716143	39.98873756286457	0.0
388.15971843907164	0.9997184390716143	39.98873756286457	0.0
388.15696650907523	0.9969665090752073	39.878660363008294	0.0
388.15244254898477	0.9924425489847408	39.69770195938963	0.0
386.8522479421098	1.4222479421097773	56.889917684391094	0.0
386.4830489215491	1.0530489215490775	42.1219568619631	0.0
386.4324188802133	1.0024188802132699	40.096755208530794	0.0
386.4324188802133	1.0024188802132699	40.096755208530794	0.0
386.4830489215491	1.0530489215490775	42.1219568619631	0.0
386.85224794210984	1.4222479421098342	56.88991768439337	0.0
384.69087773023824	0.9908777302382532	39.63510920953013	0.0
384.6806490069696	0.9806490069695997	39.22596027878399	0.0
384.68064900696965	0.9806490069696565	39.22596027878626	0.0
384.69087773023824	0.9908777302382532	39.63510920953013	0.0
383.4625019883113	1.4925019883112896	59.70007953245158	0.0
383.4615942457074	1.491594245707347	59.66376982829388	0.0
383.4615942457074	1.491594245707347	59.66376982829388	0.0
383.4625019883114	1.4925019883113464	59.700079532453856	0.0

