Iteration number: 366 
Timestep: 360.0 [s]
Time of simulation: 432000.0 [s]
Time of simulation: 7200.0 [min]
Initial volume: 4320.0 [ m^3]
Total volume: 4319.999999999898 [m^3]
Time convergence of CG: 0.00480262 [s]
PiezHead	AquifThick	WaterVolume	Source
[m]	[m]	[m^3]	[m^3/s]
401.509656584197	0.5096565841969891	20.386263367879565	0.0
401.5138790427163	0.5138790427163258	20.55516170865303	0.0
401.5174571948705	0.5174571948704738	20.698287794818953	0.0
401.5179103922638	0.5179103922637864	20.716415690551457	0.0
401.5179454389268	0.5179454389268017	20.717817557072067	0.0
401.5179475064115	0.517947506411474	20.71790025645896	0.0
401.5179476070876	0.5179476070875921	20.717904283503685	0.0
401.5179476070876	0.5179476070875921	20.717904283503685	0.0
401.5179475064115	0.517947506411474	20.71790025645896	0.0
401.5179454389268	0.5179454389268017	20.717817557072067	0.0
401.5179103922638	0.5179103922637864	20.716415690551457	0.0
401.5174571948705	0.5174571948704738	20.698287794818953	0.0
401.5138790427163	0.5138790427163258	20.55516170865303	0.0
401.509656584197	0.5096565841969891	20.386263367879565	0.0
400.66454469420046	1.3945446942004764	55.78178776801906	0.0
400.269869149692	0.9998691496920173	39.994765987680694	0.0
400.19970780271507	0.929707802715086	37.18831210860344	0.0
400.1923936594596	0.9223936594596012	36.89574637838405	0.0
400.1918239161264	0.9218239161264137	36.87295664505655	0.0
400.19178735350295	0.9217873535029639	36.87149414011856	0.0
400.191785358811	0.9217853588110074	36.8714143524403	0.0
400.191785358811	0.9217853588110074	36.8714143524403	0.0
400.191787353503	0.9217873535030208	36.87149414012083	0.0
400.1918239161264	0.9218239161264137	36.87295664505655	0.0
400.1923936594596	0.9223936594596012	36.89574637838405	0.0
400.19970780271507	0.929707802715086	37.18831210860344	0.0
400.269869149692	0.9998691496920173	39.994765987680694	0.0
400.66454469420046	1.3945446942004764	55.78178776801906	0.0
398.51750839285455	0.9775083928545314	39.100335714181256	0.0
398.5248159267116	0.9848159267115761	39.392637068463046	0.0
398.5303405822584	0.9903405822583977	39.61362329033591	0.0
398.5311230639083	0.991123063908276	39.64492255633104	0.0
398.5311937433666	0.9911937433665798	39.64774973466319	0.0
398.53119871603826	0.991198716038241	39.64794864152964	0.0
398.53119871603826	0.991198716038241	39.64794864152964	0.0
398.5311937433666	0.9911937433665798	39.64774973466319	0.0
398.5311230639083	0.991123063908276	39.64492255633104	0.0
398.5303405822584	0.9903405822583977	39.61362329033591	0.0
398.5248159267116	0.9848159267115761	39.392637068463046	0.0
398.51750839285455	0.9775083928545314	39.100335714181256	0.0
397.3040904450262	1.4940904450261883	59.76361780104753	0.0
396.8839195697311	1.0739195697311175	42.9567827892447	0.0
396.8156935675327	1.0056935675327168	40.22774270130867	0.0
396.8097324135437	0.9997324135437111	39.989296541748445	0.0
396.8092913548969	0.9992913548969113	39.971654195876454	0.0
396.80926079991565	0.9992607999156462	39.97043199662585	0.0
396.80926079991565	0.9992607999156462	39.97043199662585	0.0
396.8092913548969	0.9992913548969113	39.971654195876454	0.0
396.8097324135437	0.9997324135437111	39.989296541748445	0.0
396.8156935675327	1.0056935675327168	40.22774270130867	0.0
396.88391956973106	1.0739195697310606	42.956782789242425	0.0
397.3040904450262	1.4940904450261883	59.76361780104753	0.0
395.0765315642882	0.9965315642882047	39.86126257152819	0.0
395.075688967574	0.9956889675740399	39.827558702961596	0.0
395.0792797132028	0.9992797132028386	39.971188528113544	0.0
395.07988657033286	0.9998865703328761	39.995462813315044	0.0
395.0799455851663	0.9999455851663015	39.99782340665206	0.0
395.07994558516623	0.9999455851662447	39.997823406649786	0.0
395.07988657033286	0.9998865703328761	39.995462813315044	0.0
395.0792797132028	0.9992797132028386	39.971188528113544	0.0
395.075688967574	0.9956889675740399	39.827558702961596	0.0
395.0765315642882	0.9965315642882047	39.86126257152819	0.0
393.8462761569391	1.496276156939075	59.851046277563	0.0
393.42490302187997	1.0749030218799476	42.9961208751979	0.0
393.3563930616606	1.0063930616605603	40.25572246642241	0.0
393.3504060824879	1.0004060824878707	40.01624329951483	0.0
393.3500197462382	1.0000197462381948	40.00078984952779	0.0
393.3500197462382	1.0000197462381948	40.00078984952779	0.0
393.3504060824879	1.0004060824878707	40.01624329951483	0.0
393.3563930616606	1.0063930616605603	40.25572246642241	0.0
393.4249030218799	1.0749030218798907	42.99612087519563	0.0
393.84627615693904	1.4962761569390182	59.85104627756073	0.0
391.6166906496483	0.9966906496483148	39.86762598593259	0.0
391.61580718519883	0.9958071851988279	39.83228740795312	0.0
391.61939021343505	0.9993902134350492	39.97560853740197	0.0
391.61994222645575	0.9999422264557438	39.99768905822975	0.0
391.61994222645575	0.9999422264557438	39.99768905822975	0.0
391.61939021343505	0.9993902134350492	39.97560853740197	0.0
391.61580718519883	0.9958071851988279	39.83228740795312	0.0
391.6166906496483	0.9966906496483148	39.86762598593259	0.0
390.3862882502166	1.496288250216594	59.85153000866376	0.0
389.9649101921113	1.0749101921113038	42.99640768445215	0.0
389.8964019816138	1.0064019816138057	40.25607926455223	0.0
389.8904408648547	1.0004408648547383	40.01763459418953	0.0
389.8904408648547	1.0004408648547383	40.01763459418953	0.0
389.89640198161374	1.0064019816137488	40.25607926454995	0.0
389.9649101921113	1.0749101921113038	42.99640768445215	0.0
390.3862882502166	1.496288250216594	59.85153000866376	0.0
388.1566925732531	0.9966925732530854	39.867702930123414	0.0
388.155831346222	0.9958313462219621	39.833253848878485	0.0
388.1594851400754	0.9994851400753646	39.979405603014584	0.0
388.1594851400754	0.9994851400753646	39.979405603014584	0.0
388.155831346222	0.9958313462219621	39.833253848878485	0.0
388.1566925732531	0.9966925732530854	39.867702930123414	0.0
386.926245155008	1.4962451550080118	59.84980620032047	0.0
386.50456554354645	1.0745655435464414	42.982621741857656	0.0
386.43455738412615	1.0045573841261444	40.182295365045775	0.0
386.43455738412615	1.0045573841261444	40.182295365045775	0.0
386.50456554354645	1.0745655435464414	42.982621741857656	0.0
386.9262451550081	1.4962451550080687	59.849806200322746	0.0
384.6958606967174	0.9958606967173864	39.83442786869546	0.0
384.6792693811438	0.9792693811438085	39.17077524575234	0.0
384.67926938114385	0.9792693811438653	39.17077524575461	0.0
384.6958606967174	0.9958606967173864	39.83442786869546	0.0
383.5686533384704	1.598653338470399	63.94613353881596	0.0
383.566813131367	1.5968131313669574	63.872525254678294	0.0
383.566813131367	1.5968131313669574	63.872525254678294	0.0
383.5686533384705	1.5986533384704558	63.94613353881823	0.0

