Iteration number: 504 
Timestep: 360.0 [s]
Time of simulation: 432000.0 [s]
Time of simulation: 7200.0 [min]
Initial volume: 4320.0 [ m^3]
Total volume: 4320.000000000055 [m^3]
Time convergence of CG: 0.005398655 [s]
PiezHead	AquifThick	WaterVolume	Source
[m]	[m]	[m^3]	[m^3/s]
401.37779833848293	0.37779833848293265	15.111933539317306	0.0
401.3690138320337	0.3690138320337155	14.76055328134862	0.0
401.3744779708518	0.37447797085178536	14.979118834071414	0.0
401.3755367657217	0.3755367657216766	15.021470628867064	0.0
401.37564606788806	0.37564606788805577	15.02584271552223	0.0
401.3756545222212	0.3756545222212253	15.026180888849012	0.0
401.3756550634615	0.37565506346152233	15.026202538460893	0.0
401.3756550634615	0.37565506346152233	15.026202538460893	0.0
401.3756545222212	0.3756545222212253	15.026180888849012	0.0
401.37564606788806	0.37564606788805577	15.02584271552223	0.0
401.3755367657216	0.37553676572161976	15.02147062886479	0.0
401.3744779708518	0.37447797085178536	14.979118834071414	0.0
401.3690138320337	0.3690138320337155	14.76055328134862	0.0
401.37779833848293	0.37779833848293265	15.111933539317306	0.0
400.72030153196965	1.4503015319696715	58.01206127878686	0.0
400.2628687117278	0.9928687117277946	39.71474846911178	0.0
400.15119547209207	0.881195472092088	35.24781888368352	0.0
400.13537644024666	0.8653764402466777	34.61505760986711	0.0
400.13373695478157	0.8637369547815865	34.54947819126346	0.0
400.13359623024826	0.8635962302482767	34.54384920993107	0.0
400.13358589856745	0.8635858985674645	34.54343594269858	0.0
400.13358589856745	0.8635858985674645	34.54343594269858	0.0
400.1335962302483	0.8635962302483335	34.54384920993334	0.0
400.13373695478157	0.8637369547815865	34.54947819126346	0.0
400.13537644024666	0.8653764402466777	34.61505760986711	0.0
400.15119547209207	0.881195472092088	35.24781888368352	0.0
400.2628687117278	0.9928687117277946	39.71474846911178	0.0
400.72030153196965	1.4503015319696715	58.01206127878686	0.0
398.5132516065204	0.973251606520364	38.93006426081456	0.0
398.50752744202015	0.9675274420201276	38.701097680805105	0.0
398.51649563287253	0.9764956328725134	39.059825314900536	0.0
398.5184782045614	0.9784782045613838	39.13912818245535	0.0
398.51873308918795	0.9787330891879265	39.14932356751706	0.0
398.5187580200046	0.9787580200045909	39.150320800183636	0.0
398.5187580200046	0.9787580200045909	39.150320800183636	0.0
398.51873308918795	0.9787330891879265	39.14932356751706	0.0
398.5184782045614	0.9784782045613838	39.13912818245535	0.0
398.5164956328725	0.9764956328724566	39.05982531489826	0.0
398.50752744202015	0.9675274420201276	38.701097680805105	0.0
398.5132516065204	0.973251606520364	38.93006426081456	0.0
397.4352613466858	1.625261346685818	65.01045386743272	0.0
396.9326285444199	1.1226285444199107	44.90514177679643	0.0
396.82192023193494	1.011920231934937	40.47680927739748	0.0
396.80895971975514	0.9989597197551348	39.95838879020539	0.0
396.8076542699844	0.9976542699844231	39.90617079937692	0.0
396.8075319117708	0.9975319117708068	39.90127647083227	0.0
396.80753191177075	0.99753191177075	39.90127647083	0.0
396.8076542699844	0.9976542699844231	39.90617079937692	0.0
396.80895971975514	0.9989597197551348	39.95838879020539	0.0
396.82192023193494	1.011920231934937	40.47680927739748	0.0
396.9326285444199	1.1226285444199107	44.90514177679643	0.0
397.4352613466858	1.625261346685818	65.01045386743272	0.0
395.0966596487624	1.0166596487624133	40.66638595049653	0.0
395.0741105004967	0.9941105004967312	39.76442001986925	0.0
395.07812711361714	0.9981271136171586	39.92508454468634	0.0
395.079545341459	0.9995453414589974	39.9818136583599	0.0
395.07974691749513	0.9997469174951448	39.98987669980579	0.0
395.07974691749513	0.9997469174951448	39.98987669980579	0.0
395.079545341459	0.9995453414589974	39.9818136583599	0.0
395.07812711361714	0.9981271136171586	39.92508454468634	0.0
395.0741105004967	0.9941105004967312	39.76442001986925	0.0
395.0966596487624	1.0166596487624133	40.66638595049653	0.0
393.98244022063244	1.632440220632418	65.29760882529672	0.0
393.47612025118116	1.1261202511811348	45.04481004724539	0.0
393.3642537637045	1.0142537637044597	40.57015054817839	0.0
393.3511519077887	1.0011519077886533	40.04607631154613	0.0
393.35006545040744	1.0000654504074191	40.002618016296765	0.0
393.35006545040744	1.0000654504074191	40.002618016296765	0.0
393.3511519077887	1.0011519077886533	40.04607631154613	0.0
393.3642537637045	1.0142537637044597	40.57015054817839	0.0
393.4761202511811	1.126120251181078	45.04481004724312	0.0
393.9824402206323	1.6324402206323043	65.29760882529217	0.0
391.63741724474534	1.0174172447453316	40.69668978981326	0.0
391.6146428256508	0.9946428256507716	39.78571302603086	0.0
391.61860787056025	0.9986078705602495	39.94431482240998	0.0
391.6198046879135	0.9998046879134677	39.992187516538706	0.0
391.6198046879135	0.9998046879134677	39.992187516538706	0.0
391.6186078705602	0.9986078705601926	39.944314822407705	0.0
391.6146428256508	0.9946428256507716	39.78571302603086	0.0
391.6374172447453	1.0174172447452747	40.69668978981099	0.0
390.52252358230186	1.6325235823018716	65.30094329207486	0.0
390.0161666038602	1.126166603860213	45.04666415440852	0.0
389.90430075903515	1.0143007590351658	40.57203036140663	0.0
389.89128128041085	1.0012812804108648	40.05125121643459	0.0
389.8912812804108	1.001281280410808	40.05125121643232	0.0
389.9043007590351	1.014300759035109	40.57203036140436	0.0
390.0161666038602	1.126166603860213	45.04666415440852	0.0
390.52252358230186	1.6325235823018716	65.30094329207486	0.0
388.1774263040695	1.0174263040694882	40.69705216277953	0.0
388.15469263513086	0.9946926351308321	39.78770540523328	0.0
388.1587443966436	0.9987443966435876	39.949775865743504	0.0
388.1587443966436	0.9987443966435876	39.949775865743504	0.0
388.15469263513086	0.9946926351308321	39.78770540523328	0.0
388.17742630406957	1.017426304069545	40.6970521627818	0.0
387.06244143769345	1.6324414376934442	65.29765750773777	0.0
386.55603614747184	1.1260361474718366	45.04144589887346	0.0
386.4427811953965	1.0127811953964851	40.511247815859406	0.0
386.4427811953965	1.0127811953964851	40.511247815859406	0.0
386.55603614747184	1.1260361474718366	45.04144589887346	0.0
387.06244143769345	1.6324414376934442	65.29765750773777	0.0
384.72381685274866	1.0238168527486664	40.952674109946656	0.0
384.6895195548041	0.9895195548041329	39.580782192165316	0.0
384.6895195548041	0.9895195548041329	39.580782192165316	0.0
384.7238168527487	1.0238168527487232	40.95267410994893	0.0
383.78566966543747	1.81566966543744	72.6267866174976	0.0
383.7802620205701	1.8102620205700646	72.41048082280258	0.0
383.7802620205701	1.8102620205700646	72.41048082280258	0.0
383.7856696654375	1.8156696654374969	72.62678661749987	0.0

