Iteration number: 549 
Timestep: 360.0 [s]
Time of simulation: 432000.0 [s]
Time of simulation: 7200.0 [min]
Initial volume: 4320.0 [ m^3]
Total volume: 4320.000000000082 [m^3]
Time convergence of CG: 0.005338125 [s]
PiezHead	AquifThick	WaterVolume	Source
[m]	[m]	[m^3]	[m^3/s]
401.3403303998432	0.3403303998431966	13.613215993727863	0.0
401.32568561285456	0.32568561285455644	13.027424514182258	0.0
401.331638377489	0.33163837748901415	13.265535099560566	0.0
401.33295332868886	0.3329533286888591	13.318133147554363	0.0
401.3330998503514	0.33309985035140244	13.323994014056098	0.0
401.3331120121917	0.33311201219169106	13.324480487667643	0.0
401.333112849045	0.33311284904499416	13.324513961799767	0.0
401.333112849045	0.33311284904499416	13.324513961799767	0.0
401.3331120121917	0.33311201219169106	13.324480487667643	0.0
401.3330998503514	0.33309985035140244	13.323994014056098	0.0
401.3329533286888	0.33295332868880223	13.31813314755209	0.0
401.331638377489	0.33163837748901415	13.265535099560566	0.0
401.32568561285456	0.32568561285455644	13.027424514182258	0.0
401.3403303998432	0.3403303998431966	13.613215993727863	0.0
400.73020545873953	1.4602054587395514	58.40821834958206	0.0
400.25893102727116	0.9889310272711782	39.55724109084713	0.0
400.13412134414824	0.8641213441482591	34.564853765930366	0.0
400.11495417058313	0.8449541705831507	33.79816682332603	0.0
400.1128149691648	0.8428149691648059	33.71259876659224	0.0
400.11261698287734	0.8426169828773595	33.70467931509438	0.0
400.11260127750626	0.8426012775062759	33.704051100251036	0.0
400.11260127750626	0.8426012775062759	33.704051100251036	0.0
400.1126169828774	0.8426169828774164	33.704679315096655	0.0
400.1128149691648	0.8428149691648059	33.71259876659224	0.0
400.11495417058313	0.8449541705831507	33.79816682332603	0.0
400.13412134414824	0.8641213441482591	34.564853765930366	0.0
400.25893102727116	0.9889310272711782	39.55724109084713	0.0
400.73020545873953	1.4602054587395514	58.40821834958206	0.0
398.5125996752158	0.9725996752158039	38.90398700863216	0.0
398.500657678688	0.9606576786879941	38.426307147519765	0.0
398.51040467470705	0.9704046747070265	38.81618698828106	0.0
398.5128832311893	0.9728832311892575	38.9153292475703	0.0
398.5132352761068	0.9732352761067773	38.92941104427109	0.0
398.51327292173374	0.9732729217337237	38.93091686934895	0.0
398.51327292173374	0.9732729217337237	38.93091686934895	0.0
398.5132352761068	0.9732352761067773	38.92941104427109	0.0
398.5128832311893	0.9728832311892575	38.9153292475703	0.0
398.510404674707	0.9704046747069697	38.81618698827879	0.0
398.500657678688	0.9606576786879941	38.426307147519765	0.0
398.5125996752158	0.9725996752158039	38.90398700863216	0.0
397.4715678159568	1.6615678159568006	66.46271263827202	0.0
396.94874339462365	1.1387433946236456	45.549735784945824	0.0
396.8243124199701	1.0143124199701106	40.57249679880442	0.0
396.8085204887698	0.9985204887697705	39.94081955079082	0.0
396.8067870052962	0.9967870052961985	39.87148021184794	0.0
396.8066114329373	0.9966114329372999	39.864457317492	0.0
396.80661143293725	0.9966114329372431	39.86445731748972	0.0
396.8067870052962	0.9967870052961985	39.87148021184794	0.0
396.8085204887698	0.9985204887697705	39.94081955079082	0.0
396.8243124199701	1.0143124199701106	40.57249679880442	0.0
396.94874339462365	1.1387433946236456	45.549735784945824	0.0
397.4715678159568	1.6615678159568006	66.46271263827202	0.0
395.10624282676963	1.0262428267696464	41.049713070785856	0.0
395.07413558963975	0.9941355896397681	39.765423585590725	0.0
395.0776190994022	0.9976190994022431	39.904763976089725	0.0
395.0793466339712	0.9993466339712427	39.97386535884971	0.0
395.079620425551	0.9996204255510293	39.98481702204117	0.0
395.079620425551	0.9996204255510293	39.98481702204117	0.0
395.0793466339712	0.9993466339712427	39.97386535884971	0.0
395.0776190994022	0.9976190994022431	39.904763976089725	0.0
395.07413558963975	0.9941355896397681	39.765423585590725	0.0
395.10624282676963	1.0262428267696464	41.049713070785856	0.0
394.0213278305324	1.671327830532391	66.85311322129564	0.0
393.4936069978061	1.1436069978061028	45.74427991224411	0.0
393.36751930317774	1.0175193031777212	40.70077212710885	0.0
393.35150796138936	1.0015079613893363	40.06031845557345	0.0
393.3500879915477	1.000087991547673	40.00351966190692	0.0
393.3500879915477	1.000087991547673	40.00351966190692	0.0
393.35150796138936	1.0015079613893363	40.06031845557345	0.0
393.36751930317774	1.0175193031777212	40.70077212710885	0.0
393.49360699780607	1.143606997806046	45.744279912241836	0.0
394.02132783053236	1.6713278305323342	66.85311322129337	0.0
391.64738324263334	1.0273832426333342	41.09532970533337	0.0
391.61492776718353	0.9949277671835262	39.797110687341046	0.0
391.61832644871384	0.9983264487138399	39.933057948553596	0.0
391.6197356801698	0.9997356801698061	39.98942720679224	0.0
391.6197356801698	0.9997356801698061	39.98942720679224	0.0
391.6183264487138	0.9983264487137831	39.93305794855132	0.0
391.61492776718353	0.9949277671835262	39.797110687341046	0.0
391.6473832426333	1.0273832426332774	41.095329705331096	0.0
390.56146626696665	1.671466266966661	66.85865067866644	0.0
390.03368319532865	1.1436831953286628	45.74732781314651	0.0
389.9075920291819	1.0175920291819125	40.7036811672765	0.0
389.89168996150937	1.0016899615093848	40.06759846037539	0.0
389.89168996150937	1.0016899615093848	40.06759846037539	0.0
389.90759202918184	1.0175920291818557	40.703681167274226	0.0
390.03368319532865	1.1436831953286628	45.74732781314651	0.0
390.56146626696665	1.671466266966661	66.85865067866644	0.0
388.1873981441501	1.0273981441500837	41.09592576600335	0.0
388.1549812706012	0.9949812706011585	39.79925082404634	0.0
388.15844812065046	0.998448120650437	39.93792482601748	0.0
388.15844812065046	0.998448120650437	39.93792482601748	0.0
388.1549812706012	0.9949812706011585	39.79925082404634	0.0
388.1873981441501	1.0273981441500837	41.09592576600335	0.0
387.10139521724096	1.6713952172409563	66.85580868963825	0.0
386.57388467781124	1.1438846778112293	45.75538711244917	0.0
386.4467706041876	1.0167706041875704	40.670824167502815	0.0
386.4467706041876	1.0167706041875704	40.670824167502815	0.0
386.57388467781124	1.1438846778112293	45.75538711244917	0.0
387.101395217241	1.6713952172410131	66.85580868964053	0.0
384.73835868977733	1.0383586897773398	41.53434759109359	0.0
384.6974617651674	0.9974617651674293	39.898470606697174	0.0
384.6974617651674	0.9974617651674293	39.898470606697174	0.0
384.7383586897774	1.0383586897773966	41.534347591095866	0.0
383.8533784452261	1.8833784452260716	75.33513780904286	0.0
383.8463301377659	1.8763301377658763	75.05320551063505	0.0
383.8463301377659	1.8763301377658763	75.05320551063505	0.0
383.85337844522616	1.8833784452261284	75.33513780904514	0.0

