Iteration number: 557 
Timestep: 360.0 [s]
Time of simulation: 432000.0 [s]
Time of simulation: 7200.0 [min]
Initial volume: 4320.0 [ m^3]
Total volume: 4320.000000000121 [m^3]
Time convergence of CG: 0.004818542 [s]
PiezHead	AquifThick	WaterVolume	Source
[m]	[m]	[m^3]	[m^3/s]
401.3339224004891	0.3339224004890866	13.356896019563465	0.0
401.3181708792721	0.3181708792720883	12.726835170883533	0.0
401.3242036754214	0.3242036754214155	12.96814701685662	0.0
401.3255673965767	0.3255673965766732	13.022695863066929	0.0
401.3257213191603	0.32572131916032276	13.02885276641291	0.0
401.32573424761136	0.32573424761136494	13.029369904454597	0.0
401.32573514811094	0.32573514811093673	13.02940592443747	0.0
401.32573514811094	0.32573514811093673	13.02940592443747	0.0
401.32573424761136	0.32573424761136494	13.029369904454597	0.0
401.3257213191603	0.32572131916032276	13.02885276641291	0.0
401.3255673965766	0.3255673965766164	13.022695863064655	0.0
401.3242036754214	0.3242036754214155	12.96814701685662	0.0
401.3181708792721	0.3181708792720883	12.726835170883533	0.0
401.3339224004891	0.3339224004890866	13.356896019563465	0.0
400.73160649606893	1.4616064960689528	58.46425984275811	0.0
400.2581420021752	0.9881420021752092	39.52568008700837	0.0
400.13103674677194	0.8610367467719584	34.441469870878336	0.0
400.111250171585	0.8412501715850453	33.65000686340181	0.0
400.1090142422049	0.8390142422049394	33.560569688197575	0.0
400.1088046740521	0.8388046740521418	33.55218696208567	0.0
400.10878783253446	0.8387878325344786	33.551513301379146	0.0
400.10878783253446	0.8387878325344786	33.551513301379146	0.0
400.1088046740522	0.8388046740521986	33.552186962087944	0.0
400.1090142422049	0.8390142422049394	33.560569688197575	0.0
400.111250171585	0.8412501715850453	33.65000686340181	0.0
400.13103674677194	0.8610367467719584	34.441469870878336	0.0
400.2581420021752	0.9881420021752092	39.52568008700837	0.0
400.73160649606893	1.4616064960689528	58.46425984275811	0.0
398.5125065229325	0.9725065229324628	38.90026091729851	0.0
398.4993801652506	0.9593801652505931	38.375206610023724	0.0
398.50923952014205	0.9692395201420254	38.76958080568102	0.0
398.5118102541127	0.9718102541126541	38.872410164506164	0.0
398.5121817124413	0.9721817124412837	38.88726849765135	0.0
398.5122220398082	0.9722220398081731	38.888881592326925	0.0
398.5122220398082	0.9722220398081731	38.888881592326925	0.0
398.5121817124413	0.9721817124412837	38.88726849765135	0.0
398.5118102541127	0.9718102541126541	38.872410164506164	0.0
398.509239520142	0.9692395201419686	38.76958080567874	0.0
398.4993801652506	0.9593801652505931	38.375206610023724	0.0
398.5125065229325	0.9725065229324628	38.90026091729851	0.0
397.47771284350813	1.6677128435081272	66.70851374032509	0.0
396.95158929146413	1.141589291464129	45.66357165856516	0.0
396.824751029354	1.014751029353988	40.59004117415952	0.0
396.8084304246391	0.998430424639082	39.93721698556328	0.0
396.80661230045536	0.9966123004553538	39.86449201821415	0.0
396.80642575625745	0.9964257562574517	39.85703025029807	0.0
396.8064257562574	0.9964257562573948	39.85703025029579	0.0
396.80661230045536	0.9966123004553538	39.86449201821415	0.0
396.8084304246391	0.998430424639082	39.93721698556328	0.0
396.824751029354	1.014751029353988	40.59004117415952	0.0
396.95158929146413	1.141589291464129	45.66357165856516	0.0
397.47771284350813	1.6677128435081272	66.70851374032509	0.0
395.108080359663	1.0280803596630221	41.123214386520885	0.0
395.07417537458804	0.9941753745880533	39.76701498352213	0.0
395.0775220703526	0.997522070352602	39.90088281410408	0.0
395.0793055619923	0.9993055619923439	39.972222479693755	0.0
395.0795936012315	0.9995936012315383	39.98374404926153	0.0
395.0795936012315	0.9995936012315383	39.98374404926153	0.0
395.0793055619923	0.9993055619923439	39.972222479693755	0.0
395.0775220703526	0.997522070352602	39.90088281410408	0.0
395.07417537458804	0.9941753745880533	39.76701498352213	0.0
395.108080359663	1.0280803596630221	41.123214386520885	0.0
394.0279876800797	1.6779876800796956	67.11950720318782	0.0
393.4967311561057	1.146731156105659	45.86924624422636	0.0
393.36813435697724	1.0181343569772139	40.725374279088555	0.0
393.35157757748823	1.0015775774882059	40.063103099528234	0.0
393.35009239279225	1.0000923927922258	40.00369571168903	0.0
393.35009239279225	1.0000923927922258	40.00369571168903	0.0
393.35157757748823	1.0015775774882059	40.063103099528234	0.0
393.36813435697724	1.0181343569772139	40.725374279088555	0.0
393.4967311561056	1.1467311561056022	45.86924624422409	0.0
394.02798768007966	1.6779876800796387	67.11950720318555	0.0
391.64930189351264	1.0293018935126383	41.172075740505534	0.0
391.61502244951157	0.9950224495115663	39.80089798046265	0.0
391.6182769185261	0.9982769185260736	39.93107674104294	0.0
391.61972210857766	0.9997221085776573	39.98888434310629	0.0
391.61972210857766	0.9997221085776573	39.98888434310629	0.0
391.618276918526	0.9982769185260167	39.93107674104067	0.0
391.61502244951157	0.9950224495115663	39.80089798046265	0.0
391.6493018935126	1.0293018935125815	41.17207574050326	0.0
390.56813844291077	1.6781384429107788	67.12553771643115	0.0
390.0368140265405	1.1468140265405395	45.87256106162158	0.0
389.9082126392362	1.0182126392361965	40.72850556944786	0.0
389.89177032266565	1.0017703226656636	40.07081290662654	0.0
389.89177032266565	1.0017703226656636	40.07081290662654	0.0
389.9082126392361	1.0182126392361397	40.72850556944559	0.0
390.0368140265405	1.1468140265405395	45.87256106162158	0.0
390.56813844291077	1.6781384429107788	67.12553771643115	0.0
388.18931817726946	1.029318177269431	41.172727090777244	0.0
388.15507616227075	0.9950761622707205	39.80304649082882	0.0
388.1583936823264	0.9983936823263662	39.935747293054646	0.0
388.1583936823264	0.9983936823263662	39.935747293054646	0.0
388.15507616227075	0.9950761622707205	39.80304649082882	0.0
388.18931817726946	1.029318177269431	41.172727090777244	0.0
387.1080719143538	1.6780719143537794	67.12287657415118	0.0
386.5770938754072	1.1470938754071653	45.883755016286614	0.0
386.4475546306563	1.0175546306563206	40.70218522625282	0.0
386.4475546306563	1.0175546306563206	40.70218522625282	0.0
386.57709387540723	1.1470938754072222	45.88375501628889	0.0
387.10807191435384	1.6780719143538363	67.12287657415345	0.0
384.74122043310643	1.0412204331064459	41.648817324257834	0.0
384.69912600713855	0.9991260071385568	39.96504028554227	0.0
384.69912600713855	0.9991260071385568	39.96504028554227	0.0
384.7412204331065	1.0412204331065027	41.64881732426011	0.0
383.86524484465093	1.8952448446509038	75.80979378603615	0.0
383.8578822476703	1.8878822476702908	75.51528990681163	0.0
383.8578822476703	1.8878822476702908	75.51528990681163	0.0
383.865244844651	1.8952448446509607	75.80979378603843	0.0

