Iteration number: 649 
Timestep: 360.0 [s]
Time of simulation: 432000.0 [s]
Time of simulation: 7200.0 [min]
Initial volume: 4320.0 [ m^3]
Total volume: 4320.000000000018 [m^3]
Time convergence of CG: 0.004788009 [s]
PiezHead	AquifThick	WaterVolume	Source
[m]	[m]	[m^3]	[m^3/s]
401.26520297721265	0.2652029772126525	10.6081190885061	0.0
401.23560655724725	0.23560655724725166	9.424262289890066	0.0
401.24242950191757	0.24242950191757018	9.697180076702807	0.0
401.2444310241828	0.24443102418280205	9.777240967312082	0.0
401.24468935985124	0.24468935985123608	9.787574394049443	0.0
401.24471391175325	0.24471391175325152	9.788556470130061	0.0
401.2447158556411	0.2447158556411182	9.788634225644728	0.0
401.2447158556411	0.2447158556411182	9.788634225644728	0.0
401.24471391175325	0.24471391175325152	9.788556470130061	0.0
401.24468935985124	0.24468935985123608	9.787574394049443	0.0
401.24443102418275	0.2444310241827452	9.777240967309808	0.0
401.24242950191757	0.24242950191757018	9.697180076702807	0.0
401.23560655724725	0.23560655724725166	9.424262289890066	0.0
401.26520297721265	0.2652029772126525	10.6081190885061	0.0
400.7409222532622	1.4709222532622448	58.83689013048979	0.0
400.24716908381646	0.9771690838164773	39.08676335265909	0.0
400.0946970951116	0.8246970951116168	32.98788380446467	0.0
400.06735402618443	0.7973540261844505	31.89416104737802	0.0
400.063838244053	0.7938382440530063	31.75352976212025	0.0
400.06346253897607	0.7934625389760868	31.73850155904347	0.0
400.06342796875197	0.7934279687519847	31.73711875007939	0.0
400.06342796875197	0.7934279687519847	31.73711875007939	0.0
400.0634625389761	0.7934625389761436	31.738501559045744	0.0
400.063838244053	0.7938382440530063	31.75352976212025	0.0
400.0673540261845	0.7973540261845073	31.894161047380294	0.0
400.0946970951116	0.8246970951116168	32.98788380446467	0.0
400.24716908381646	0.9771690838164773	39.08676335265909	0.0
400.7409222532622	1.4709222532622448	58.83689013048979	0.0
398.5116543013284	0.9716543013283854	38.866172053135415	0.0
398.48358538729383	0.9435853872938083	37.74341549175233	0.0
398.4940707470708	0.954070747070773	38.16282988283092	0.0
398.4977591668725	0.9577591668725063	38.31036667490025	0.0
398.49840236636976	0.9584023663697394	38.33609465478958	0.0
398.49848438925693	0.9584843892569097	38.33937557027639	0.0
398.49848438925693	0.9584843892569097	38.33937557027639	0.0
398.49840236636976	0.9584023663697394	38.33609465478958	0.0
398.49775916687247	0.9577591668724494	38.31036667489798	0.0
398.4940707470707	0.9540707470706593	38.16282988282637	0.0
398.4835853872937	0.9435853872936946	37.74341549174778	0.0
398.51165430132835	0.9716543013283285	38.86617205313314	0.0
397.542091838361	1.7320918383609865	69.28367353443946	0.0
396.9835168613078	1.173516861307803	46.94067445231212	0.0
396.8299854482238	1.0199854482237924	40.7994179289517	0.0
396.8070958633391	0.9970958633390978	39.88383453356391	0.0
396.8041041697657	0.9941041697657056	39.764166790628224	0.0
396.80375337005455	0.9937533700545487	39.75013480218195	0.0
396.80375337005444	0.993753370054435	39.7501348021774	0.0
396.8041041697657	0.9941041697657056	39.764166790628224	0.0
396.8070958633391	0.9970958633390978	39.88383453356391	0.0
396.8299854482238	1.0199854482237924	40.7994179289517	0.0
396.9835168613078	1.173516861307803	46.94067445231212	0.0
397.542091838361	1.7320918383609865	69.28367353443946	0.0
395.13167187653636	1.0516718765363748	42.066875061454994	0.0
395.0754745854112	0.9954745854112161	39.818983416448646	0.0
395.07626245724714	0.9962624572471555	39.85049828988622	0.0
395.07868620354566	0.9986862035456738	39.94744814182695	0.0
395.0791684651601	0.9991684651600963	39.96673860640385	0.0
395.0791684651601	0.9991684651600963	39.96673860640385	0.0
395.07868620354566	0.9986862035456738	39.94744814182695	0.0
395.0762624572472	0.9962624572472123	39.85049828988849	0.0
395.0754745854112	0.9954745854112161	39.818983416448646	0.0
395.13167187653636	1.0516718765363748	42.066875061454994	0.0
394.0995851303367	1.7495851303366976	69.9834052134679	0.0
393.53269093841016	1.1826909384101327	47.30763753640531	0.0
393.37591690559	1.025916905589952	41.03667622359808	0.0
393.35252106581794	1.0025210658179162	40.10084263271665	0.0
393.350150774718	1.0001507747179517	40.00603098871807	0.0
393.350150774718	1.0001507747179517	40.00603098871807	0.0
393.35252106581794	1.0025210658179162	40.10084263271665	0.0
393.3759169055899	1.0259169055898951	41.036676223595805	0.0
393.5326909384101	1.1826909384100759	47.307637536403035	0.0
394.09958513033666	1.7495851303366408	69.98340521346563	0.0
391.67417154951806	1.0541715495180597	42.16686198072239	0.0
391.61718551755985	0.9971855175598421	39.88742070239368	0.0
391.61775296266865	0.9977529626686419	39.910118506745675	0.0
391.61953832891265	0.9995383289126494	39.981533156505975	0.0
391.6195383289126	0.9995383289125925	39.9815331565037	0.0
391.6177529626686	0.997752962668585	39.9101185067434	0.0
391.61718551755985	0.9971855175598421	39.88742070239368	0.0
391.67417154951806	1.0541715495180597	42.16686198072239	0.0
390.63995250804123	1.7499525080412468	69.99810032164987	0.0
390.07289149122596	1.1828914912259734	47.315659649038935	0.0
389.91608680053923	1.0260868005392467	41.04347202156987	0.0
389.8928724072601	1.0028724072600994	40.114896290403976	0.0
389.8928724072601	1.0028724072600994	40.114896290403976	0.0
389.9160868005392	1.0260868005391899	41.043472021567595	0.0
390.07289149122596	1.1828914912259734	47.315659649038935	0.0
390.63995250804123	1.7499525080412468	69.99810032164987	0.0
388.2142161220327	1.0542161220326989	42.168644881307955	0.0
388.15722986675075	0.9972298667507289	39.889194670029156	0.0
388.15775159872754	0.9977515987275183	39.91006394910073	0.0
388.15775159872754	0.9977515987275183	39.91006394910073	0.0
388.15722986675075	0.9972298667507289	39.889194670029156	0.0
388.2142161220327	1.0542161220326989	42.168644881307955	0.0
387.1800227602749	1.7500227602748737	70.00091041099495	0.0
386.61458700509615	1.184587005096148	47.38348020384592	0.0
386.4582870772204	1.0282870772203978	41.13148308881591	0.0
386.4582870772204	1.0282870772203978	41.13148308881591	0.0
386.6145870050962	1.1845870050962048	47.383480203848194	0.0
387.18002276027494	1.7500227602749305	70.00091041099722	0.0
384.77987442804204	1.0798744280420465	43.19497712168186	0.0
384.72378601838295	1.023786018382964	40.951440735318556	0.0
384.72378601838295	1.023786018382964	40.951440735318556	0.0
384.7798744280421	1.0798744280421033	43.19497712168413	0.0
383.9979494682957	2.027949468295674	81.11797873182695	0.0
383.9865513794727	2.0165513794726735	80.66205517890694	0.0
383.9865513794727	2.0165513794726735	80.66205517890694	0.0
383.99794946829576	2.0279494682957306	81.11797873182923	0.0

