Iteration number: 652 
Timestep: 360.0 [s]
Time of simulation: 432000.0 [s]
Time of simulation: 7200.0 [min]
Initial volume: 4320.0 [ m^3]
Total volume: 4320.000000000033 [m^3]
Time convergence of CG: 0.004780855 [s]
PiezHead	AquifThick	WaterVolume	Source
[m]	[m]	[m^3]	[m^3/s]
401.26310524350157	0.2631052435015704	10.524209740062815	0.0
401.23302870561207	0.233028705612071	9.32114822448284	0.0
401.2398739811307	0.23987398113069958	9.594959245227983	0.0
401.2418988753217	0.24189887532168086	9.675955012867234	0.0
401.2421612697632	0.2421612697631872	9.686450790527488	0.0
401.2421862992526	0.24218629925258028	9.687451970103211	0.0
401.2421882886032	0.24218828860318808	9.687531544127523	0.0
401.2421882886032	0.24218828860318808	9.687531544127523	0.0
401.2421862992526	0.24218629925258028	9.687451970103211	0.0
401.2421612697632	0.2421612697631872	9.686450790527488	0.0
401.2418988753216	0.24189887532162402	9.67595501286496	0.0
401.2398739811307	0.23987398113069958	9.594959245227983	0.0
401.23302870561207	0.233028705612071	9.32114822448284	0.0
401.26310524350157	0.2631052435015704	10.524209740062815	0.0
400.74103623150313	1.4710362315031489	58.841449260125955	0.0
400.2467539602615	0.9767539602615329	39.07015841046132	0.0
400.09348917563034	0.8234891756303568	32.939567025214274	0.0
400.0658882131451	0.7958882131451332	31.83552852580533	0.0
400.06232563991654	0.7923256399165552	31.69302559666221	0.0
400.0619434512796	0.7919434512796215	31.67773805118486	0.0
400.06190814254796	0.7919081425479817	31.676325701919268	0.0
400.06190814254796	0.7919081425479817	31.676325701919268	0.0
400.06194345127966	0.7919434512796784	31.677738051187134	0.0
400.06232563991654	0.7923256399165552	31.69302559666221	0.0
400.0658882131452	0.7958882131451901	31.835528525807604	0.0
400.09348917563034	0.8234891756303568	32.939567025214274	0.0
400.2467539602615	0.9767539602615329	39.07015841046132	0.0
400.74103623150313	1.4710362315031489	58.841449260125955	0.0
398.5116274156302	0.9716274156301665	38.86509662520666	0.0
398.48303858292195	0.943038582921929	37.72154331687716	0.0
398.49352199942086	0.9535219994208433	38.14087997683373	0.0
398.4972479718129	0.9572479718128761	38.289918872515045	0.0
398.49790155888587	0.957901558885851	38.31606235543404	0.0
398.4979853146679	0.9579853146678943	38.31941258671577	0.0
398.4979853146679	0.9579853146678943	38.31941258671577	0.0
398.49790155888587	0.957901558885851	38.31606235543404	0.0
398.49724797181284	0.9572479718128193	38.28991887251277	0.0
398.4935219994208	0.9535219994207864	38.14087997683146	0.0
398.48303858292184	0.9430385829218153	37.72154331687261	0.0
398.51162741563013	0.9716274156301097	38.86509662520439	0.0
397.54400570812146	1.7340057081214582	69.36022832485833	0.0
396.98452596252696	1.1745259625269568	46.981038501078274	0.0
396.8301597943821	1.0201597943820957	40.80639177528383	0.0
396.80704223957065	0.9970422395706464	39.88168958282586	0.0
396.8040057777215	0.9940057777214975	39.7602311088599	0.0
396.8036483267626	0.9936483267625817	39.74593307050327	0.0
396.80364832676247	0.9936483267624681	39.74593307049872	0.0
396.8040057777215	0.9940057777214975	39.7602311088599	0.0
396.80704223957065	0.9970422395706464	39.88168958282586	0.0
396.8301597943821	1.0201597943820957	40.80639177528383	0.0
396.98452596252696	1.1745259625269568	46.981038501078274	0.0
397.54400570812146	1.7340057081214582	69.36022832485833	0.0
395.1325072104052	1.0525072104052242	42.10028841620897	0.0
395.07554408639623	0.9955440863962508	39.82176345585003	0.0
395.0762169517056	0.9962169517056054	39.84867806822422	0.0
395.07866094207856	0.9986609420785726	39.9464376831429	0.0
395.0791504554644	0.9991504554644166	39.966018218576664	0.0
395.0791504554644	0.9991504554644166	39.966018218576664	0.0
395.07866094207856	0.9986609420785726	39.9464376831429	0.0
395.07621695170565	0.9962169517056623	39.84867806822649	0.0
395.07554408639623	0.9955440863962508	39.82176345585003	0.0
395.1325072104052	1.0525072104052242	42.10028841620897	0.0
394.1017760607077	1.751776060707698	70.07104242830792	0.0
393.5338590383054	1.1838590383053997	47.35436153221599	0.0
393.376191695577	1.0261916955769834	41.04766782307934	0.0
393.35255635730437	1.0025563573043428	40.10225429217371	0.0
393.3501528917788	1.0001528917787823	40.00611567115129	0.0
393.3501528917788	1.0001528917787823	40.00611567115129	0.0
393.35255635730437	1.0025563573043428	40.10225429217371	0.0
393.37619169557695	1.0261916955769266	41.04766782307706	0.0
393.5338590383053	1.183859038305286	47.35436153221144	0.0
394.10177606070766	1.7517760607076411	70.07104242830565	0.0
391.6750606517607	1.055060651760698	42.20242607042792	0.0
391.6172914150626	0.9972914150625911	39.891656602503645	0.0
391.61773807242685	0.9977380724268414	39.90952289707366	0.0
391.6195315072708	0.999531507270774	39.98126029083096	0.0
391.6195315072707	0.9995315072707172	39.981260290828686	0.0
391.6177380724268	0.9977380724267846	39.90952289707138	0.0
391.6172914150626	0.9972914150625911	39.891656602503645	0.0
391.6750606517607	1.055060651760698	42.20242607042792	0.0
390.64215331686876	1.752153316868771	70.08613267475084	0.0
390.07406498657866	1.1840649865786759	47.362599463147035	0.0
389.91636559802816	1.0263655980281783	41.05462392112713	0.0
389.89291407046693	1.002914070466943	40.11656281867772	0.0
389.89291407046693	1.002914070466943	40.11656281867772	0.0
389.9163655980281	1.0263655980281214	41.05462392112486	0.0
390.07406498657866	1.1840649865786759	47.362599463147035	0.0
390.64215331686876	1.752153316868771	70.08613267475084	0.0
388.21510667294007	1.0551066729400418	42.20426691760167	0.0
388.15733507864246	0.9973350786424362	39.89340314569745	0.0
388.1577306984044	0.9977306984043821	39.909227936175284	0.0
388.1577306984044	0.9977306984043821	39.909227936175284	0.0
388.15733507864246	0.9973350786424362	39.89340314569745	0.0
388.21510667294007	1.0551066729400418	42.20426691760167	0.0
387.1822313789739	1.7522313789738746	70.08925515895498	0.0
386.6158245717505	1.1858245717505156	47.43298287002062	0.0
386.45869191359486	1.0286919135948551	41.147676543794205	0.0
386.45869191359486	1.0286919135948551	41.147676543794205	0.0
386.6158245717506	1.1858245717505724	47.4329828700229	0.0
387.18223137897394	1.7522313789739314	70.08925515895726	0.0
384.7813054809907	1.081305480990693	43.25221923962772	0.0
384.7247602526146	1.0247602526146125	40.9904101045845	0.0
384.7247602526146	1.0247602526146125	40.9904101045845	0.0
384.78130548099074	1.0813054809907499	43.252219239629994	0.0
384.0021606951508	2.0321606951507647	81.28642780603059	0.0
383.9906198188576	2.020619818857597	80.82479275430387	0.0
383.9906198188576	2.020619818857597	80.82479275430387	0.0
384.00216069515085	2.0321606951508215	81.28642780603286	0.0

