Iteration number: 672 
Timestep: 360.0 [s]
Time of simulation: 432000.0 [s]
Time of simulation: 7200.0 [min]
Initial volume: 4320.0 [ m^3]
Total volume: 4320.000000000055 [m^3]
Time convergence of CG: 0.004750243 [s]
PiezHead	AquifThick	WaterVolume	Source
[m]	[m]	[m^3]	[m^3/s]
401.249332503743	0.24933250374300542	9.973300149720217	0.0
401.21601889474107	0.21601889474106883	8.640755789642753	0.0
401.2230088193028	0.22300881930277683	8.920352772111073	0.0
401.2251940812743	0.22519408127431007	9.007763250972403	0.0
401.2254846996597	0.22548469965971663	9.019387986388665	0.0
401.2255130948875	0.22551309488750348	9.02052379550014	0.0
401.2255154093999	0.2255154093999181	9.020616375996724	0.0
401.2255154093999	0.2255154093999181	9.020616375996724	0.0
401.2255130948875	0.22551309488750348	9.02052379550014	0.0
401.2254846996597	0.22548469965971663	9.019387986388665	0.0
401.22519408127425	0.22519408127425322	9.007763250970129	0.0
401.2230088193028	0.22300881930277683	8.920352772111073	0.0
401.21601889474107	0.21601889474106883	8.640755789642753	0.0
401.249332503743	0.24933250374300542	9.973300149720217	0.0
400.74152480083023	1.4715248008302524	58.860992033210096	0.0
400.2438976970753	0.9738976970753015	38.95590788301206	0.0
400.0854057807964	0.815405780796425	32.616231231857	0.0
400.05607032696014	0.7860703269601572	31.44281307840629	0.0
400.05218794850765	0.7821879485076693	31.28751794030677	0.0
400.05176074841563	0.7817607484156497	31.270429936625987	0.0
400.05172022948466	0.7817202294846766	31.268809179387063	0.0
400.05172022948466	0.7817202294846766	31.268809179387063	0.0
400.0517607484157	0.7817607484157065	31.27042993662826	0.0
400.05218794850765	0.7821879485076693	31.28751794030677	0.0
400.0560703269602	0.7860703269602141	31.442813078408562	0.0
400.0854057807964	0.815405780796425	32.616231231857	0.0
400.2438976970753	0.9738976970753015	38.95590788301206	0.0
400.74152480083023	1.4715248008302524	58.860992033210096	0.0
398.51143953641343	0.9714395364134134	38.857581456536536	0.0
398.47934606337503	0.9393460633750124	37.573842535000495	0.0
398.48977804149877	0.949778041498746	37.99112165994984	0.0
398.49375490096895	0.9537549009689315	38.15019603875726	0.0
398.4944802168771	0.954480216877073	38.17920867508292	0.0
398.49457619240786	0.954576192407842	38.18304769631368	0.0
398.49457619240786	0.954576192407842	38.18304769631368	0.0
398.4944802168771	0.954480216877073	38.17920867508292	0.0
398.4937549009689	0.9537549009688746	38.150196038754984	0.0
398.4897780414987	0.9497780414986892	37.99112165994757	0.0
398.4793460633749	0.9393460633748987	37.57384253499595	0.0
398.5114395364134	0.9714395364133566	38.85758145653426	0.0
397.55648215829063	1.7464821582906325	69.8592863316253	0.0
396.9911904832088	1.181190483208809	47.24761932835236	0.0
396.8313239295116	1.0213239295115955	40.85295718046382	0.0
396.80666692972574	0.996666929725734	39.86667718902936	0.0
396.8033210289264	0.9933210289264025	39.7328411570561	0.0
396.80291694089556	0.9929169408955545	39.71667763582218	0.0
396.8029169408955	0.9929169408954976	39.716677635819906	0.0
396.8033210289264	0.9933210289264025	39.7328411570561	0.0
396.80666692972574	0.996666929725734	39.86667718902936	0.0
396.8313239295116	1.0213239295115955	40.85295718046382	0.0
396.9911904832088	1.181190483208809	47.24761932835236	0.0
397.55648215829063	1.7464821582906325	69.8592863316253	0.0
395.13816427723935	1.0581642772393707	42.32657108957483	0.0
395.07605226096575	0.9960522609657687	39.84209043863075	0.0
395.0759064221763	0.9959064221762901	39.836256887051604	0.0
395.0784834122516	0.9984834122516304	39.939336490065216	0.0
395.0790226871555	0.9990226871555024	39.960907486220094	0.0
395.0790226871555	0.9990226871555024	39.960907486220094	0.0
395.0784834122516	0.9984834122516304	39.939336490065216	0.0
395.07590642217633	0.995906422176347	39.83625688705388	0.0
395.07605226096575	0.9960522609657687	39.84209043863075	0.0
395.13816427723935	1.0581642772393707	42.32657108957483	0.0
394.1161689068798	1.7661689068797841	70.64675627519136	0.0
393.54163078922033	1.1916307892203122	47.66523156881249	0.0
393.3780556895274	1.0280556895273776	41.1222275810951	0.0
393.3527990720207	1.0027990720206503	40.11196288082601	0.0
393.3501672845952	1.000167284595193	40.00669138380772	0.0
393.3501672845952	1.000167284595193	40.00669138380772	0.0
393.3527990720207	1.0027990720206503	40.11196288082601	0.0
393.3780556895274	1.0280556895273776	41.1222275810951	0.0
393.5416307892202	1.1916307892201985	47.66523156880794	0.0
394.11616890687975	1.7661689068797273	70.64675627518909	0.0
391.6810982139106	1.0610982139106113	42.44392855642445	0.0
391.61805743549667	0.998057435496662	39.92229741986648	0.0
391.6176437535249	0.9976437535248692	39.90575014099477	0.0
391.6194847677741	0.9994847677741063	39.97939071096425	0.0
391.61948476777405	0.9994847677740495	39.97939071096198	0.0
391.6176437535248	0.9976437535248124	39.905750140992495	0.0
391.61805743549667	0.998057435496662	39.92229741986648	0.0
391.6810982139106	1.0610982139106113	42.44392855642445	0.0
390.6566175424675	1.7666175424674861	70.66470169869945	0.0
390.08187580836903	1.1918758083690477	47.67503233476191	0.0
389.9182582797139	1.0282582797138957	41.13033118855583	0.0
389.8932014208508	1.0032014208508144	40.12805683403258	0.0
389.8932014208508	1.0032014208508144	40.12805683403258	0.0
389.9182582797138	1.0282582797138389	41.130331188553555	0.0
390.08187580836903	1.1918758083690477	47.67503233476191	0.0
390.6566175424675	1.7666175424674861	70.66470169869945	0.0
388.22115505496015	1.0611550549601247	42.44620219840499	0.0
388.15809594219525	0.9980959421952207	39.92383768780883	0.0
388.1575924408823	0.9975924408822721	39.90369763529088	0.0
388.1575924408823	0.9975924408822721	39.90369763529088	0.0
388.1580959421952	0.9980959421951638	39.923837687806554	0.0
388.22115505496015	1.0611550549601247	42.44620219840499	0.0
387.1967544735787	1.7667544735787146	70.67017894314858	0.0
386.62409477630376	1.194094776303757	47.76379105215028	0.0
386.4614819353869	1.0314819353869211	41.259277415476845	0.0
386.4614819353869	1.0314819353869211	41.259277415476845	0.0
386.62409477630376	1.194094776303757	47.76379105215028	0.0
387.1967544735788	1.7667544735787715	70.67017894315086	0.0
384.79110599851236	1.0911059985123757	43.64423994049503	0.0
384.7315254712924	1.0315254712924116	41.26101885169646	0.0
384.7315254712924	1.0315254712924116	41.26101885169646	0.0
384.7911059985124	1.0911059985124325	43.6442399404973	0.0
384.03005079333764	2.0600507933376093	82.40203173350437	0.0
384.017543632234	2.0475436322339533	81.90174528935813	0.0
384.017543632234	2.0475436322339533	81.90174528935813	0.0
384.0300507933377	2.060050793337666	82.40203173350665	0.0

