Iteration number: 741 
Timestep: 360.0 [s]
Time of simulation: 432000.0 [s]
Time of simulation: 7200.0 [min]
Initial volume: 4320.0 [ m^3]
Total volume: 4320.000000000115 [m^3]
Time convergence of CG: 0.005377493 [s]
PiezHead	AquifThick	WaterVolume	Source
[m]	[m]	[m^3]	[m^3/s]
401.20446293606113	0.20446293606113386	8.178517442445354	0.0
401.1595895500999	0.15958955009989495	6.383582003995798	0.0
401.1670395150175	0.1670395150175068	6.681580600700272	0.0
401.16984395702036	0.1698439570203618	6.7937582808144725	0.0
401.1702488224876	0.17024882248762196	6.809952899504879	0.0
401.1702915312	0.17029153120000728	6.811661248000291	0.0
401.17029530764034	0.17029530764034462	6.811812305613785	0.0
401.17029530764034	0.17029530764034462	6.811812305613785	0.0
401.1702915312	0.17029153120000728	6.811661248000291	0.0
401.1702488224876	0.17024882248762196	6.809952899504879	0.0
401.1698439570203	0.16984395702030497	6.793758280812199	0.0
401.1670395150175	0.1670395150175068	6.681580600700272	0.0
401.1595895500999	0.15958955009989495	6.383582003995798	0.0
401.20446293606113	0.20446293606113386	8.178517442445354	0.0
400.73991878227054	1.469918782270554	58.79675129082216	0.0
400.2326277498188	0.9626277498188074	38.505109992752296	0.0
400.05716418952335	0.7871641895233665	31.48656758093466	0.0
400.02167913593075	0.7516791359307717	30.06716543723087	0.0
400.01659236650113	0.7465923665011474	29.863694660045894	0.0
400.01598551645156	0.745985516451583	29.839420658063318	0.0
400.01592291198295	0.7459229119829729	29.836916479318916	0.0
400.015922911983	0.7459229119830297	29.83691647932119	0.0
400.0159855164516	0.7459855164516398	29.839420658065592	0.0
400.01659236650113	0.7465923665011474	29.863694660045894	0.0
400.0216791359308	0.7516791359308286	30.067165437233143	0.0
400.05716418952335	0.7871641895233665	31.48656758093466	0.0
400.2326277498188	0.9626277498188074	38.505109992752296	0.0
400.73991878227054	1.469918782270554	58.79675129082216	0.0
398.5108609791601	0.9708609791600793	38.83443916640317	0.0
398.4660205958187	0.9260205958186702	37.04082383274681	0.0
398.4757420768049	0.9357420768048996	37.429683072195985	0.0
398.4805783737973	0.9405783737972797	37.62313495189119	0.0
398.48158396846486	0.9415839684648404	37.663358738593615	0.0
398.4817316545709	0.9417316545709014	37.669266182836054	0.0
398.4817316545709	0.9417316545709014	37.669266182836054	0.0
398.48158396846486	0.9415839684648404	37.663358738593615	0.0
398.48057837379724	0.9405783737972229	37.623134951888915	0.0
398.47574207680486	0.9357420768048428	37.42968307219371	0.0
398.4660205958186	0.9260205958185566	37.04082383274226	0.0
398.51086097916004	0.9708609791600225	38.8344391664009	0.0
397.5959300984465	1.7859300984464994	71.43720393785998	0.0
397.0132528526185	1.2032528526185047	48.13011410474019	0.0
396.83532129488736	1.0253212948873625	41.0128517954945	0.0
396.8051186450409	0.9951186450409182	39.80474580163673	0.0
396.8005540183138	0.9905540183137873	39.62216073255149	0.0
396.7999562758797	0.989956275879706	39.59825103518824	0.0
396.79995627587965	0.9899562758796492	39.59825103518597	0.0
396.8005540183138	0.9905540183137873	39.62216073255149	0.0
396.80511864504086	0.9951186450408613	39.80474580163445	0.0
396.8353212948873	1.0253212948873056	41.012851795492224	0.0
397.0132528526185	1.2032528526185047	48.13011410474019	0.0
397.5959300984465	1.7859300984464994	71.43720393785998	0.0
395.1586659820993	1.0786659820993236	43.146639283972945	0.0
395.0784015252841	0.9984015252841232	39.93606101136493	0.0
395.07473863829847	0.994738638298486	39.78954553193944	0.0
395.07773872258923	0.9977387225892471	39.909548903569885	0.0
395.07846750662276	0.9984675066227737	39.93870026491095	0.0
395.07846750662276	0.9984675066227737	39.93870026491095	0.0
395.07773872258923	0.9977387225892471	39.909548903569885	0.0
395.0747386382985	0.9947386382985428	39.78954553194171	0.0
395.0784015252841	0.9984015252841232	39.93606101136493	0.0
395.1586659820993	1.0786659820993236	43.146639283972945	0.0
394.1631589695333	1.8131589695332764	72.52635878133106	0.0
393.568168531206	1.218168531206004	48.72674124824016	0.0
393.3848934428806	1.0348934428805592	41.39573771522237	0.0
393.35373646748525	1.0037364674852256	40.149458699409024	0.0
393.3502197029717	1.0002197029716626	40.008788118866505	0.0
393.3502197029717	1.0002197029716626	40.008788118866505	0.0
393.35373646748525	1.0037364674852256	40.149458699409024	0.0
393.3848934428806	1.0348934428805592	41.39573771522237	0.0
393.56816853120597	1.2181685312059471	48.726741248237886	0.0
394.16315896953324	1.8131589695332195	72.52635878132878	0.0
391.70323345197335	1.0832334519733422	43.32933807893369	0.0
391.62152067643785	1.001520676437849	40.06082705751396	0.0
391.61739929962636	0.9973992996263519	39.895971985054075	0.0
391.61930779352105	0.9993077935210408	39.97231174084163	0.0
391.619307793521	0.999307793520984	39.97231174083936	0.0
391.6173992996263	0.997399299626295	39.8959719850518	0.0
391.62152067643785	1.001520676437849	40.06082705751396	0.0
391.70323345197335	1.0832334519733422	43.32933807893369	0.0
390.703939353409	1.8139393534090118	72.55757413636047	0.0
390.10859706591117	1.218597065911183	48.743882636447324	0.0
389.9252253731324	1.0352253731323913	41.40901492529565	0.0
389.89432436282624	1.004324362826253	40.17297451305012	0.0
389.89432436282624	1.004324362826253	40.17297451305012	0.0
389.9252253731323	1.0352253731323344	41.40901492529338	0.0
390.10859706591117	1.218597065911183	48.743882636447324	0.0
390.703939353409	1.8139393534090118	72.55757413636047	0.0
388.24334746339616	1.0833474633961373	43.33389853584549	0.0
388.16153509376534	1.0015350937653125	40.0614037506125	0.0
388.1571509279133	0.9971509279132533	39.88603711653013	0.0
388.15715092791334	0.9971509279133102	39.88603711653241	0.0
388.1615350937653	1.0015350937652556	40.061403750610225	0.0
388.24334746339616	1.0833474633961373	43.33389853584549	0.0
387.2443857630069	1.8143857630068965	72.57543052027586	0.0
386.65284462071503	1.2228446207150228	48.91378482860091	0.0
386.4715456585176	1.0415456585175775	41.6618263407031	0.0
386.4715456585175	1.0415456585175207	41.66182634070083	0.0
386.6528446207151	1.2228446207150796	48.913784828603184	0.0
387.24438576300696	1.8143857630069533	72.57543052027813	0.0
384.82822334208174	1.1282233420817533	45.128933683270134	0.0
384.7591532806033	1.0591532806033115	42.36613122413246	0.0
384.7591532806033	1.0591532806033115	42.36613122413246	0.0
384.8282233420818	1.1282233420818102	45.12893368327241	0.0
384.1238614904614	2.153861490461395	86.1544596184558	0.0
384.1079023879234	2.1379023879233614	85.51609551693446	0.0
384.1079023879234	2.1379023879233614	85.51609551693446	0.0
384.1238614904615	2.153861490461452	86.15445961845808	0.0

