Iteration number: 953 
Timestep: 360.0 [s]
Time of simulation: 432000.0 [s]
Time of simulation: 7200.0 [min]
Initial volume: 4320.0 [ m^3]
Total volume: 4320.000000000104 [m^3]
Time convergence of CG: 0.005405019 [s]
PiezHead	AquifThick	WaterVolume	Source
[m]	[m]	[m^3]	[m^3/s]
401.08720702969254	0.0872070296925358	3.488281187701432	0.0
401.0052567677528	0.005256767752825908	0.21027071011303633	0.0
401.0144108002042	0.014410800204188945	0.5764320081675578	0.0
401.0199432923321	0.019943292332072815	0.7977316932829126	0.0
401.02091073823533	0.020910738235329518	0.8364295294131807	0.0
401.021034072808	0.021034072807992743	0.8413629123197097	0.0
401.0210475018115	0.02104750181149484	0.8419000724597936	0.0
401.02104750181144	0.021047501811437996	0.8419000724575199	0.0
401.021034072808	0.021034072807992743	0.8413629123197097	0.0
401.02091073823533	0.020910738235329518	0.8364295294131807	0.0
401.019943292332	0.01994329233201597	0.7977316932806389	0.0
401.0144108002042	0.014410800204188945	0.5764320081675578	0.0
401.0052567677528	0.005256767752825908	0.21027071011303633	0.0
401.08720702969254	0.0872070296925358	3.488281187701432	0.0
400.71124923694566	1.44124923694568	57.6499694778272	0.0
400.1831469734608	0.9131469734608118	36.52587893843247	0.0
399.967985062408	0.6979850624080086	27.919402496320345	0.0
399.9133204601985	0.6433204601985381	25.732818407941522	0.0
399.9037140763021	0.6337140763021125	25.3485630520845	0.0
399.9023129738808	0.6323129738808007	25.292518955232026	0.0
399.9021347459508	0.6321347459507933	25.285389838031733	0.0
399.9021347459508	0.6321347459507933	25.285389838031733	0.0
399.9023129738808	0.6323129738808007	25.292518955232026	0.0
399.9037140763021	0.6337140763021125	25.3485630520845	0.0
399.9133204601985	0.6433204601985381	25.732818407941522	0.0
399.967985062408	0.6979850624080086	27.919402496320345	0.0
400.1831469734608	0.9131469734608118	36.52587893843247	0.0
400.71124923694566	1.44124923694568	57.6499694778272	0.0
398.5103029783484	0.9703029783483998	38.812119133935994	0.0
398.42078613911383	0.880786139113809	35.23144556455236	0.0
398.42272888972985	0.8827288897298331	35.309155589193324	0.0
398.4297580803193	0.8897580803192682	35.59032321277073	0.0
398.4319106516596	0.8919106516596003	35.67642606638401	0.0
398.432326813189	0.8923268131889586	35.69307252755834	0.0
398.432326813189	0.8923268131889586	35.69307252755834	0.0
398.43191065165956	0.8919106516595434	35.67642606638174	0.0
398.42975808031923	0.8897580803192113	35.59032321276845	0.0
398.42272888972985	0.8827288897298331	35.309155589193324	0.0
398.4207861391138	0.8807861391137521	35.231445564550086	0.0
398.51030297834836	0.970302978348343	38.81211913393372	0.0
397.68787114174614	1.877871141746141	75.11484566984564	0.0
397.07033215117343	1.2603321511734293	50.41328604693717	0.0
396.84612968752435	1.036129687524351	41.44518750097404	0.0
396.797167041537	0.9871670415370204	39.486681661480816	0.0
396.7875577369386	0.9775577369385928	39.10230947754371	0.0
396.78599922283297	0.9759992228329679	39.03996891331872	0.0
396.7859992228329	0.9759992228329111	39.03996891331644	0.0
396.7875577369386	0.9775577369385928	39.10230947754371	0.0
396.797167041537	0.9871670415370204	39.486681661480816	0.0
396.84612968752424	1.0361296875242374	41.445187500969496	0.0
397.07033215117343	1.2603321511734293	50.41328604693717	0.0
397.68787114174614	1.877871141746141	75.11484566984564	0.0
395.22578296946864	1.1457829694686552	45.83131877874621	0.0
395.09075193751244	1.0107519375124525	40.4300775004981	0.0
395.0703877100961	0.9903877100961154	39.615508403844615	0.0
395.0738328337235	0.9938328337235021	39.75331334894008	0.0
395.07525690060214	0.9952569006021577	39.810276024086306	0.0
395.07525690060214	0.9952569006021577	39.810276024086306	0.0
395.0738328337235	0.9938328337235021	39.75331334894008	0.0
395.0703877100961	0.9903877100961154	39.615508403844615	0.0
395.0907519375124	1.0107519375123957	40.43007750049583	0.0
395.22578296946864	1.1457829694686552	45.83131877874621	0.0
394.2865039806655	1.9365039806654636	77.46015922661854	0.0
393.6457280878082	1.295728087808186	51.82912351232744	0.0
393.40916839119757	1.0591683911975451	42.366735647901805	0.0
393.35757538253233	1.007575382532309	40.30301530129236	0.0
393.3503622308555	1.000362230855501	40.01448923422004	0.0
393.3503622308555	1.000362230855501	40.01448923422004	0.0
393.35757538253233	1.007575382532309	40.30301530129236	0.0
393.40916839119745	1.0591683911974314	42.36673564789726	0.0
393.6457280878081	1.2957280878080724	51.829123512322894	0.0
394.28650398066543	1.9365039806654067	77.46015922661627	0.0
391.77923224952946	1.1592322495294525	46.3692899811781	0.0
391.6401576678555	1.0201576678554716	40.80630671421886	0.0
391.6178581169662	0.9978581169661993	39.91432467864797	0.0
391.618655976427	0.9986559764270169	39.946239057080675	0.0
391.61865597642696	0.99865597642696	39.9462390570784	0.0
391.61785811696615	0.9978581169661425	39.9143246786457	0.0
391.6401576678554	1.0201576678554147	40.80630671421659	0.0
391.77923224952934	1.1592322495293388	46.36928998117355	0.0
390.82955801676275	1.93955801676276	77.5823206705104	0.0
390.18747843686486	1.2974784368648784	51.899137474595136	0.0
389.9503477340484	1.0603477340484346	42.413909361937385	0.0
389.89917191190983	1.0091719119098457	40.36687647639383	0.0
389.89917191190983	1.0091719119098457	40.36687647639383	0.0
389.95034773404836	1.0603477340483778	42.41390936193511	0.0
390.18747843686486	1.2974784368648784	51.899137474595136	0.0
390.82955801676275	1.93955801676276	77.5823206705104	0.0
388.31990643531316	1.1599064353131325	46.3962574125253	0.0
388.18018395782434	1.0201839578243153	40.80735831297261	0.0
388.1570107588447	0.9970107588446808	39.88043035378723	0.0
388.15701075884476	0.9970107588447377	39.88043035378951	0.0
388.18018395782434	1.0201839578243153	40.80735831297261	0.0
388.31990643531316	1.1599064353131325	46.3962574125253	0.0
387.3724151992569	1.9424151992569136	77.69660797027655	0.0
386.742217490116	1.3122174901159838	52.48869960463935	0.0
386.50354505088063	1.0735450508806252	42.94180203522501	0.0
386.50354505088063	1.0735450508806252	42.94180203522501	0.0
386.742217490116	1.3122174901159838	52.48869960463935	0.0
387.372415199257	1.9424151992569705	77.69660797027882	0.0
384.96882213608967	1.2688221360896819	50.752885443587274	0.0
384.88350785506265	1.1835078550626577	47.340314202506306	0.0
384.88350785506265	1.1835078550626577	47.340314202506306	0.0
384.9688221360898	1.2688221360897955	50.75288544359182	0.0
384.3916245642654	2.4216245642653575	96.8649825706143	0.0
384.36641175142694	2.3964117514269105	95.85647005707642	0.0
384.36641175142694	2.3964117514269105	95.85647005707642	0.0
384.39162456426544	2.4216245642654144	96.86498257061658	0.0

