Iteration number: 751 
Timestep: 360.0 [s]
Time of simulation: 432000.0 [s]
Time of simulation: 7200.0 [min]
Initial volume: 4320.0 [ m^3]
Total volume: 4320.000000000129 [m^3]
Time convergence of CG: 0.005387435 [s]
PiezHead	AquifThick	WaterVolume	Source
[m]	[m]	[m^3]	[m^3/s]
401.19827604416025	0.19827604416025224	7.93104176641009	0.0
401.1516886355947	0.15168863559472356	6.067545423788943	0.0
401.15920289330415	0.1592028933041547	6.3681157321661885	0.0
401.16210630510346	0.1621063051034639	6.484252204138556	0.0
401.1625300914332	0.1625300914332115	6.50120365732846	0.0
401.1625752626154	0.16257526261540534	6.503010504616213	0.0
401.1625793015381	0.16257930153807365	6.503172061522946	0.0
401.1625793015381	0.16257930153807365	6.503172061522946	0.0
401.1625752626154	0.16257526261540534	6.503010504616213	0.0
401.1625300914332	0.1625300914332115	6.50120365732846	0.0
401.1621063051034	0.16210630510340707	6.484252204136283	0.0
401.15920289330415	0.1592028933041547	6.3681157321661885	0.0
401.1516886355947	0.15168863559472356	6.067545423788943	0.0
401.19827604416025	0.19827604416025224	7.93104176641009	0.0
400.73930363534606	1.4693036353460798	58.77214541384319	0.0
400.23077657087384	0.9607765708738611	38.431062834954446	0.0
400.05303124898575	0.7830312489857647	31.321249959430588	0.0
400.01663990585513	0.7466399058551474	29.865596234205896	0.0
400.0113661937774	0.7413661937774236	29.654647751096945	0.0
400.0107301208704	0.7407301208704098	29.62920483481639	0.0
400.01066374937426	0.7406637493742778	29.626549974971113	0.0
400.0106637493743	0.7406637493743347	29.626549974973386	0.0
400.0107301208704	0.7407301208704098	29.62920483481639	0.0
400.0113661937774	0.7413661937774236	29.654647751096945	0.0
400.0166399058552	0.7466399058552042	29.86559623420817	0.0
400.05303124898575	0.7830312489857647	31.321249959430588	0.0
400.23077657087384	0.9607765708738611	38.431062834954446	0.0
400.739303635346	1.469303635346023	58.77214541384092	0.0
398.51081685645903	0.9708168564590096	38.832674258360385	0.0
398.4640207472944	0.924020747294378	36.96082989177512	0.0
398.4735675897194	0.9335675897193596	37.342703588774384	0.0
398.4785258309477	0.9385258309476967	37.54103323790787	0.0
398.4795762006078	0.939576200607803	37.58304802431212	0.0
398.47973269519434	0.9397326951943228	37.58930780777291	0.0
398.47973269519434	0.9397326951943228	37.58930780777291	0.0
398.4795762006078	0.939576200607803	37.58304802431212	0.0
398.47852583094766	0.9385258309476399	37.541033237905594	0.0
398.4735675897193	0.9335675897193028	37.34270358877211	0.0
398.4640207472943	0.9240207472942643	36.96082989177057	0.0
398.510816856459	0.9708168564589528	38.83267425835811	0.0
397.60121066195865	1.7912106619586439	71.64842647834575	0.0
397.0163199668952	1.2063199668951938	48.25279867580775	0.0
396.8358922822033	1.0258922822033014	41.03569128813206	0.0
396.80485954104626	0.9948595410462531	39.79438164185012	0.0
396.800098273112	0.9900982731119825	39.6039309244793	0.0
396.79946796658203	0.9894679665820263	39.57871866328105	0.0
396.799467966582	0.9894679665819694	39.57871866327878	0.0
396.800098273112	0.9900982731119825	39.6039309244793	0.0
396.80485954104626	0.9948595410462531	39.79438164185012	0.0
396.83589228220325	1.0258922822032446	41.03569128812978	0.0
397.0163199668952	1.2063199668951938	48.25279867580775	0.0
397.60121066195865	1.7912106619586439	71.64842647834575	0.0
395.1617380545275	1.0817380545275341	43.269522181101365	0.0
395.07881736503	0.9988173650299927	39.95269460119971	0.0
395.0745567904029	0.9945567904028962	39.78227161611585	0.0
395.0776123158272	0.9976123158272117	39.904492633088466	0.0
395.0783706840967	0.9983706840966988	39.93482736386795	0.0
395.0783706840967	0.9983706840966988	39.93482736386795	0.0
395.0776123158272	0.9976123158272117	39.904492633088466	0.0
395.07455679040294	0.9945567904029531	39.78227161611812	0.0
395.07881736503	0.9988173650299927	39.95269460119971	0.0
395.1617380545275	1.0817380545275341	43.269522181101365	0.0
394.16965017262737	1.8196501726273482	72.78600690509393	0.0
393.571971416208	1.221971416207964	48.87885664831856	0.0
393.3859338027999	1.0359338027998888	41.43735211199555	0.0
393.35388523864583	1.0038852386458075	40.1554095458323	0.0
393.3502275009121	1.0002275009121036	40.00910003648414	0.0
393.3502275009121	1.0002275009121036	40.00910003648414	0.0
393.35388523864583	1.0038852386458075	40.1554095458323	0.0
393.3859338027999	1.0359338027998888	41.43735211199555	0.0
393.57197141620793	1.2219714162079072	48.87885664831629	0.0
394.1696501726273	1.8196501726272913	72.78600690509165	0.0
391.7065871420658	1.0865871420658095	43.46348568263238	0.0
391.6221298562037	1.0021298562036804	40.08519424814722	0.0
391.61737630011993	0.9973763001199245	39.89505200479698	0.0
391.61928029723924	0.9992802972392383	39.97121188956953	0.0
391.6192802972392	0.9992802972391814	39.97121188956726	0.0
391.6173763001199	0.9973763001198677	39.89505200479471	0.0
391.6221298562037	1.0021298562036804	40.08519424814722	0.0
391.7065871420658	1.0865871420658095	43.46348568263238	0.0
390.7104913515905	1.8204913515905332	72.81965406362133	0.0
390.11243391005246	1.222433910052473	48.89735640209892	0.0
389.9262889964299	1.036288996429903	41.451559857196116	0.0
389.89450453180723	1.0045045318072425	40.1801812722897	0.0
389.89450453180723	1.0045045318072425	40.1801812722897	0.0
389.92628899642983	1.036288996429846	41.45155985719384	0.0
390.11243391005246	1.222433910052473	48.89735640209892	0.0
390.7104913515905	1.8204913515905332	72.81965406362133	0.0
388.24671267076025	1.086712670760221	43.46850683040884	0.0
388.16214033805477	1.002140338054744	40.08561352218976	0.0
388.1570954297911	0.9970954297911021	39.883817191644084	0.0
388.1570954297912	0.997095429791159	39.88381719164636	0.0
388.1621403380547	1.0021403380546872	40.08561352218749	0.0
388.24671267076025	1.086712670760221	43.46850683040884	0.0
387.2509983680516	1.8209983680516189	72.83993472206475	0.0
386.6570326226673	1.2270326226673092	49.08130490669237	0.0
386.4730248033975	1.0430248033974863	41.72099213589945	0.0
386.4730248033975	1.0430248033974863	41.72099213589945	0.0
386.6570326226674	1.227032622667366	49.08130490669464	0.0
387.2509983680517	1.8209983680516757	72.83993472206703	0.0
384.83400482914783	1.134004829147841	45.36019316591364	0.0
384.7637246770823	1.0637246770822912	42.54898708329165	0.0
384.7637246770823	1.0637246770822912	42.54898708329165	0.0
384.8340048291479	1.134004829147898	45.360193165915916	0.0
384.1371570453022	2.16715704530219	86.6862818120876	0.0
384.1206949183086	2.1506949183085453	86.02779673234181	0.0
384.1206949183086	2.1506949183085453	86.02779673234181	0.0
384.1371570453023	2.167157045302247	86.68628181208987	0.0

