Iteration number: 928 
Timestep: 360.0 [s]
Time of simulation: 432000.0 [s]
Time of simulation: 7200.0 [min]
Initial volume: 4320.0 [ m^3]
Total volume: 4320.0000000000655 [m^3]
Time convergence of CG: 0.004834461 [s]
PiezHead	AquifThick	WaterVolume	Source
[m]	[m]	[m^3]	[m^3/s]
401.09970673809255	0.09970673809255004	3.9882695237020016	0.0
401.02213958162923	0.022139581629232907	0.8855832651693163	0.0
401.0310211951819	0.031021195181892836	1.2408478072757134	0.0
401.0361537998508	0.036153799850808355	1.4461519940323342	0.0
401.03703482209386	0.03703482209385811	1.4813928837543244	0.0
401.03714497186894	0.0371449718689405	1.48579887475762	0.0
401.03715670536747	0.03715670536746529	1.4862682146986117	0.0
401.0371567053674	0.03715670536740845	1.486268214696338	0.0
401.03714497186894	0.0371449718689405	1.48579887475762	0.0
401.03703482209386	0.03703482209385811	1.4813928837543244	0.0
401.03615379985075	0.03615379985075151	1.4461519940300605	0.0
401.0310211951819	0.031021195181892836	1.2408478072757134	0.0
401.02213958162923	0.022139581629232907	0.8855832651693163	0.0
401.09970673809255	0.09970673809255004	3.9882695237020016	0.0
400.7160416532976	1.446041653297641	57.84166613190564	0.0
400.1899620753773	0.9199620753773274	36.7984830150931	0.0
399.97863581869444	0.7086358186944608	28.345432747778432	0.0
399.92618398067685	0.6561839806768717	26.247359227074867	0.0
399.9171628903056	0.6471628903055944	25.886515612223775	0.0
399.9158743622734	0.645874362273446	25.83497449093784	0.0
399.91571398338453	0.6457139833845531	25.828559335382124	0.0
399.91571398338453	0.6457139833845531	25.828559335382124	0.0
399.9158743622734	0.645874362273446	25.83497449093784	0.0
399.9171628903056	0.6471628903055944	25.886515612223775	0.0
399.92618398067685	0.6561839806768717	26.247359227074867	0.0
399.97863581869444	0.7086358186944608	28.345432747778432	0.0
400.1899620753773	0.9199620753773274	36.7984830150931	0.0
400.7160416532976	1.446041653297641	57.84166613190564	0.0
398.51045166245416	0.9704516624541384	38.818066498165535	0.0
398.42638376480795	0.8863837648079311	35.455350592317245	0.0
398.4296835563232	0.8896835563231775	35.5873422529271	0.0
398.43651117603633	0.8965111760363129	35.86044704145252	0.0
398.4385098492514	0.8985098492513544	35.940393970054174	0.0
398.43888492261925	0.8988849226192315	35.95539690476926	0.0
398.43888492261925	0.8988849226192315	35.95539690476926	0.0
398.4385098492513	0.8985098492512975	35.9403939700519	0.0
398.4365111760363	0.8965111760362561	35.86044704145024	0.0
398.42968355632314	0.8896835563231207	35.58734225292483	0.0
398.4263837648079	0.8863837648078743	35.45535059231497	0.0
398.51045166245416	0.9704516624541384	38.818066498165535	0.0
397.67899339880586	1.8689933988058556	74.75973595223422	0.0
397.0644944047924	1.2544944047924105	50.17977619169642	0.0
396.84504979563417	1.0350497956341655	41.40199182536662	0.0
396.7984115313096	0.9884115313096231	39.536461252384925	0.0
396.7894772415886	0.9794772415885973	39.17908966354389	0.0
396.78806188806675	0.9780618880667475	39.1224755226699	0.0
396.7880618880667	0.9780618880666907	39.12247552266763	0.0
396.7894772415886	0.9794772415885973	39.17908966354389	0.0
396.7984115313096	0.9884115313096231	39.536461252384925	0.0
396.84504979563405	1.0350497956340519	41.401991825362074	0.0
397.0644944047924	1.2544944047924105	50.17977619169642	0.0
397.67899339880586	1.8689933988058556	74.75973595223422	0.0
395.21785531848826	1.1378553184882776	45.514212739531104	0.0
395.08896326394716	1.0089632639471802	40.35853055788721	0.0
395.07094589504067	0.9909458950406815	39.63783580162726	0.0
395.074442131656	0.994442131656001	39.77768526624004	0.0
395.07578127293635	0.9957812729363695	39.83125091745478	0.0
395.07578127293635	0.9957812729363695	39.83125091745478	0.0
395.074442131656	0.994442131656001	39.77768526624004	0.0
395.07094589504067	0.9909458950406815	39.63783580162726	0.0
395.0889632639471	1.0089632639471233	40.35853055788493	0.0
395.21785531848826	1.1378553184882776	45.514212739531104	0.0
394.2733454040681	1.9233454040680726	76.9338161627229	0.0
393.6369455728851	1.286945572885088	51.47782291540352	0.0
393.4060940619769	1.0560940619768644	42.243762479074576	0.0
393.357050171895	1.0070501718950027	40.28200687580011	0.0
393.35035081731417	1.0003508173141427	40.014032692565706	0.0
393.35035081731417	1.0003508173141427	40.014032692565706	0.0
393.357050171895	1.0070501718950027	40.28200687580011	0.0
393.4060940619768	1.0560940619767507	42.24376247907003	0.0
393.636945572885	1.2869455728849744	51.477822915398974	0.0
394.27334540406804	1.9233454040680158	76.93381616272063	0.0
391.76991234207185	1.1499123420718433	45.996493682873734	0.0
391.6373588807794	1.0173588807793976	40.694355231175905	0.0
391.6176847228371	0.9976847228371071	39.90738891348428	0.0
391.61873818565834	0.9987381856583397	39.94952742633359	0.0
391.6187381856583	0.9987381856582829	39.949527426331315	0.0
391.61768472283705	0.9976847228370502	39.90738891348201	0.0
391.63735888077935	1.0173588807793408	40.69435523117363	0.0
391.7699123420718	1.1499123420717865	45.99649368287146	0.0
390.81600230220096	1.9260023022009705	77.04009208803882	0.0
390.1784586783966	1.288458678396637	51.53834713586548	0.0
389.94712661016223	1.0571266101622427	42.28506440648971	0.0
389.89848209359263	1.0084820935926473	40.33928374370589	0.0
389.89848209359263	1.0084820935926473	40.33928374370589	0.0
389.9471266101622	1.057126610162186	42.285064406487436	0.0
390.1784586783966	1.288458678396637	51.53834713586548	0.0
390.81600230220096	1.9260023022009705	77.04009208803882	0.0
388.31047426511384	1.1504742651138145	46.01897060455258	0.0
388.17736219339616	1.0173621933961385	40.69448773584554	0.0
388.15687894269075	0.9968789426907279	39.875157707629114	0.0
388.1568789426908	0.9968789426907847	39.87515770763139	0.0
388.17736219339616	1.0173621933961385	40.69448773584554	0.0
388.31047426511384	1.1504742651138145	46.01897060455258	0.0
387.3584361265604	1.9284361265603707	77.13744506241483	0.0
386.7316326095323	1.3016326095323052	52.06530438129221	0.0
386.49969626244666	1.069696262446655	42.7878504978662	0.0
386.49969626244666	1.069696262446655	42.7878504978662	0.0
386.7316326095323	1.3016326095323052	52.06530438129221	0.0
387.35843612656043	1.9284361265604275	77.1374450624171	0.0
384.9505301101174	1.2505301101174382	50.02120440469753	0.0
384.8661288007504	1.166128800750414	46.64515203001656	0.0
384.8661288007504	1.166128800750414	46.64515203001656	0.0
384.95053011011754	1.2505301101175519	50.021204404702075	0.0
384.3614158529971	2.3914158529970564	95.65663411988226	0.0
384.3370613407053	2.367061340705277	94.68245362821108	0.0
384.3370613407053	2.367061340705277	94.68245362821108	0.0
384.36141585299714	2.3914158529971132	95.65663411988453	0.0

