Iteration number: 959 
Timestep: 360.0 [s]
Time of simulation: 432000.0 [s]
Time of simulation: 7200.0 [min]
Initial volume: 4320.0 [ m^3]
Total volume: 4320.000000000064 [m^3]
Time convergence of CG: 0.005411972 [s]
PiezHead	AquifThick	WaterVolume	Source
[m]	[m]	[m^3]	[m^3/s]
401.0842517377386	0.08425173773861161	3.3700695095444644	0.0
401.00125172140326	0.0012517214032641277	0.05006885613056511	0.0
401.0104756668897	0.010475666889703916	0.41902667558815665	0.0
401.0161077154959	0.016107715495877528	0.6443086198351011	0.0
401.0170968266957	0.017096826695706113	0.6838730678282445	0.0
401.01722350261684	0.01722350261684369	0.6889401046737476	0.0
401.0172373669477	0.017237366947711052	0.6894946779084421	0.0
401.01723736694765	0.01723736694765421	0.6894946779061684	0.0
401.01722350261684	0.01722350261684369	0.6889401046737476	0.0
401.0170968266957	0.017096826695706113	0.6838730678282445	0.0
401.0161077154958	0.016107715495820685	0.6443086198328274	0.0
401.0104756668897	0.010475666889703916	0.41902667558815665	0.0
401.00125172140326	0.0012517214032641277	0.05006885613056511	0.0
401.0842517377386	0.08425173773861161	3.3700695095444644	0.0
400.71005537508915	1.4400553750891731	57.602215003566926	0.0
400.18147911312184	0.9114791131218567	36.45916452487427	0.0
399.9654251547847	0.6954251547847434	27.817006191389737	0.0
399.91023316627286	0.6402331662728784	25.609326650915136	0.0
399.9004846352051	0.6304846352051072	25.21938540820429	0.0
399.89905577887583	0.629055778875852	25.16223115503408	0.0
399.8988730856359	0.6288730856359166	25.154923425436664	0.0
399.8988730856359	0.6288730856359166	25.154923425436664	0.0
399.89905577887583	0.629055778875852	25.16223115503408	0.0
399.9004846352051	0.6304846352051072	25.21938540820429	0.0
399.91023316627286	0.6402331662728784	25.609326650915136	0.0
399.9654251547847	0.6954251547847434	27.817006191389737	0.0
400.18147911312184	0.9114791131218567	36.45916452487427	0.0
400.71005537508915	1.4400553750891731	57.602215003566926	0.0
398.51025871213045	0.9702587121304305	38.81034848521722	0.0
398.41943400464953	0.8794340046495108	35.17736018598043	0.0
398.4210343920689	0.8810343920688979	35.241375682755915	0.0
398.428109126758	0.8881091267579677	35.52436507031871	0.0
398.43029921756005	0.8902992175600275	35.6119687024011	0.0
398.4307256305657	0.8907256305656688	35.62902522262675	0.0
398.4307256305657	0.8907256305656688	35.62902522262675	0.0
398.43029921756	0.8902992175599707	35.611968702398826	0.0
398.42810912675793	0.8881091267579109	35.524365070316435	0.0
398.4210343920689	0.8810343920688979	35.241375682755915	0.0
398.4194340046495	0.879434004649454	35.17736018597816	0.0
398.5102587121304	0.9702587121303736	38.810348485214945	0.0
397.6899331912535	1.8799331912534853	75.19732765013941	0.0
397.0716973758213	1.2616973758213135	50.46789503285254	0.0
396.8463787738307	1.036378773830677	41.455150953227076	0.0
396.7968547799339	0.9868547799338785	39.47419119735514	0.0
396.7870806684967	0.9770806684966828	39.083226739867314	0.0
396.78548662347157	0.9754866234715678	39.01946493886271	0.0
396.7854866234715	0.9754866234715109	39.01946493886044	0.0
396.7870806684967	0.9770806684966828	39.083226739867314	0.0
396.7968547799339	0.9868547799338785	39.47419119735514	0.0
396.84637877383057	1.0363787738305632	41.45515095322253	0.0
397.0716973758213	1.2616973758213135	50.46789503285254	0.0
397.6899331912535	1.8799331912534853	75.19732765013941	0.0
395.2276775646068	1.147677564606795	45.9071025842718	0.0
395.09119134445297	1.0111913444529819	40.447653778119275	0.0
395.07025184319764	0.9902518431976546	39.61007372790618	0.0
395.07367995574066	0.9936799557406744	39.747198229626974	0.0
395.0751242876569	0.9951242876568926	39.804971506275706	0.0
395.0751242876569	0.9951242876568926	39.804971506275706	0.0
395.07367995574066	0.9936799557406744	39.747198229626974	0.0
395.07025184319764	0.9902518431976546	39.61007372790618	0.0
395.0911913444529	1.011191344452925	40.447653778117	0.0
395.2276775646068	1.147677564606795	45.9071025842718	0.0
394.2896138994972	1.9396138994972034	77.58455597988814	0.0
393.64782051214485	1.297820512144824	51.91282048579296	0.0
393.4099131747109	1.0599131747108572	42.39652698843429	0.0
393.35770416018386	1.0077041601838346	40.30816640735338	0.0
393.35036458961514	1.000364589615117	40.01458358460468	0.0
393.35036458961514	1.000364589615117	40.01458358460468	0.0
393.35770416018386	1.0077041601838346	40.30816640735338	0.0
393.40991317471077	1.0599131747107435	42.39652698842974	0.0
393.64782051214473	1.2978205121447104	51.912820485788416	0.0
394.28961389949717	1.9396138994971466	77.58455597988586	0.0
391.7814757620754	1.1614757620753835	46.45903048301534	0.0
391.6408515845854	1.0208515845853867	40.83406338341547	0.0
391.6179051329373	0.9979051329373192	39.91620531749277	0.0
391.6186361325326	0.9986361325325674	39.9454453013027	0.0
391.6186361325325	0.9986361325325106	39.945445301300424	0.0
391.61790513293727	0.9979051329372624	39.916205317490494	0.0
391.64085158458533	1.0208515845853299	40.834063383413195	0.0
391.7814757620753	1.1614757620752698	46.45903048301079	0.0
390.83276945462376	1.9427694546237717	77.71077818495087	0.0
390.1896318601938	1.2996318601938128	51.98527440775251	0.0
389.95113007310357	1.061130073103584	42.44520292414336	0.0
389.89934246089877	1.0093424608987789	40.373698435951155	0.0
389.89934246089877	1.0093424608987789	40.373698435951155	0.0
389.9511300731035	1.0611300731035271	42.445202924141086	0.0
390.1896318601938	1.2996318601938128	51.98527440775251	0.0
390.83276945462376	1.9427694546237717	77.71077818495087	0.0
388.3221793758262	1.162179375826156	46.48717503304624	0.0
388.1808848880178	1.020884888017747	40.83539552070988	0.0
388.1570498027659	0.9970498027659005	39.88199211063602	0.0
388.157049802766	0.9970498027659573	39.88199211063829	0.0
388.1808848880178	1.020884888017747	40.83539552070988	0.0
388.3221793758262	1.162179375826156	46.48717503304624	0.0
387.37573448037085	1.9457344803708452	77.8293792148338	0.0
386.7447593619254	1.3147593619253826	52.5903744770153	0.0
386.5044735009992	1.0744735009992041	42.978940039968165	0.0
386.5044735009992	1.0744735009992041	42.978940039968165	0.0
386.7447593619254	1.3147593619253826	52.5903744770153	0.0
387.3757344803709	1.945734480370902	77.82937921483608	0.0
384.97326838414983	1.2732683841498442	50.93073536599377	0.0
384.88777173966247	1.1877717396624803	47.51086958649921	0.0
384.88777173966247	1.1877717396624803	47.51086958649921	0.0
384.97326838414995	1.273268384149958	50.930735365998316	0.0
384.39882909181773	2.428829091817704	97.15316367270816	0.0
384.3734222383952	2.403422238395194	96.13688953580777	0.0
384.3734222383952	2.403422238395194	96.13688953580777	0.0
384.3988290918178	2.428829091817761	97.15316367271043	0.0

