Iteration number: 1140 
Timestep: 360.0 [s]
Time of simulation: 432000.0 [s]
Time of simulation: 7200.0 [min]
Initial volume: 4320.0 [ m^3]
Total volume: 4320.000000000024 [m^3]
Time convergence of CG: 0.027690506 [s]
PiezHead	AquifThick	WaterVolume	Source
[m]	[m]	[m^3]	[m^3/s]
400.65550864506883	0.0	-0.0	0.0
400.0385554395423	0.0	-0.0	0.0
399.79381221327765	0.0	-0.0	0.0
399.7318973483019	0.0	-0.0	0.0
399.7200559105199	0.0	-0.0	0.0
399.71806999403555	0.0	-0.0	0.0
399.7177746699886	0.0	-0.0	0.0
399.71777466998856	0.0	-0.0	0.0
399.7180699940355	0.0	-0.0	0.0
399.7200559105199	0.0	-0.0	0.0
399.7318973483019	0.0	-0.0	0.0
399.79381221327765	0.0	-0.0	0.0
400.0385554395423	0.0	-0.0	0.0
400.65550864506883	0.0	-0.0	0.0
400.65550864506883	1.3855086450688532	55.42034580275413	0.0
400.0385554395423	0.7685554395422969	30.742217581691875	0.0
399.79381221327765	0.5238122132776653	20.95248853110661	0.0
399.7318973483019	0.46189734830193174	18.47589393207727	0.0
399.7200559105199	0.45005591051989313	18.002236420795725	0.0
399.71806999403555	0.44806999403556347	17.92279976142254	0.0
399.7177746699886	0.44777466998863247	17.9109867995453	0.0
399.71777466998856	0.4477746699885756	17.910986799543025	0.0
399.7180699940355	0.4480699940355066	17.922799761420265	0.0
399.7200559105199	0.45005591051989313	18.002236420795725	0.0
399.7318973483019	0.46189734830193174	18.47589393207727	0.0
399.79381221327765	0.5238122132776653	20.95248853110661	0.0
400.0385554395423	0.7685554395422969	30.742217581691875	0.0
400.65550864506883	1.3855086450688532	55.42034580275413	0.0
398.49994174515433	0.9599417451543104	38.397669806172416	0.0
398.3711585832956	0.8311585832955757	33.24634333182303	0.0
398.3605340557947	0.820534055794667	32.82136223178668	0.0
398.368591190366	0.8285911903659553	33.14364761463821	0.0
398.3720109948045	0.8320109948044774	33.280439792179095	0.0
398.37281794278425	0.8328179427842315	33.31271771136926	0.0
398.3728179427842	0.8328179427841746	33.312717711366986	0.0
398.37201099480444	0.8320109948044205	33.28043979217682	0.0
398.3685911903659	0.8285911903658985	33.14364761463594	0.0
398.3605340557947	0.820534055794667	32.82136223178668	0.0
398.3711585832956	0.8311585832955757	33.24634333182303	0.0
398.4999417451543	0.9599417451542536	38.39766980617014	0.0
397.74031114168395	1.9303111416839442	77.21244566735777	0.0
397.1061211663865	1.2961211663865129	51.844846655460515	0.0
396.8514831366028	1.0414831366027784	41.659325464111134	0.0
396.7845384030435	0.974538403043482	38.98153612173928	0.0
396.76934936908657	0.9593493690865671	38.373974763462684	0.0
396.76648095636773	0.9564809563677272	38.25923825470909	0.0
396.7664809563677	0.9564809563676704	38.259238254706815	0.0
396.76934936908657	0.9593493690865671	38.373974763462684	0.0
396.7845384030434	0.9745384030434252	38.98153612173701	0.0
396.8514831366027	1.0414831366027215	41.65932546410886	0.0
397.10612116638646	1.296121166386456	51.84484665545824	0.0
397.7403111416839	1.9303111416838874	77.2124456673555	0.0
395.28227223608934	1.2022722360893567	48.09088944357427	0.0
395.1056372264137	1.0256372264137212	41.02548905654885	0.0
395.0657221090156	0.9857221090156258	39.428884360625034	0.0
395.0677193041626	0.9877193041626242	39.50877216650497	0.0
395.0697137489187	0.9897137489186889	39.588549956747556	0.0
395.0697137489187	0.9897137489186889	39.588549956747556	0.0
395.0677193041626	0.9877193041626242	39.50877216650497	0.0
395.0657221090156	0.9857221090156258	39.428884360625034	0.0
395.1056372264136	1.0256372264136076	41.0254890565443	0.0
395.28227223608934	1.2022722360893567	48.09088944357427	0.0
394.3755400151806	2.0255400151805816	81.02160060722326	0.0
393.70807517649934	1.3580751764993124	54.3230070599725	0.0
393.4333875626131	1.0833875626130975	43.3355025045239	0.0
393.362040934808	1.0120409348079988	40.48163739231995	0.0
393.3503290584479	1.0003290584479032	40.01316233791613	0.0
393.3503290584479	1.0003290584479032	40.01316233791613	0.0
393.362040934808	1.0120409348079988	40.48163739231995	0.0
393.433387562613	1.0833875626129839	43.335502504519354	0.0
393.7080751764992	1.3580751764991987	54.32300705996795	0.0
394.37554001518055	2.0255400151805247	81.02160060722099	0.0
391.8494205234698	1.2294205234697984	49.176820938791934	0.0
391.6654008746711	1.0454008746710883	41.81603498684353	0.0
391.62037550695277	1.0003755069527642	40.01502027811057	0.0
391.6180284727419	0.9980284727419075	39.9211389096763	0.0
391.6180284727419	0.9980284727419075	39.9211389096763	0.0
391.62037550695266	1.0003755069526505	40.01502027810602	0.0
391.66540087467104	1.0454008746710315	41.81603498684126	0.0
391.8494205234697	1.2294205234696847	49.17682093878739	0.0
390.9230734300069	2.0330734300069366	81.32293720027747	0.0
390.2526242142433	1.3626242142433398	54.50496856973359	0.0
389.9762633691152	1.0862633691152155	43.45053476460862	0.0
389.90544272953014	1.0154427295301502	40.61770918120601	0.0
389.90544272953014	1.0154427295301502	40.61770918120601	0.0
389.97626336911514	1.0862633691151586	43.450534764606346	0.0
390.25262421424327	1.362624214243283	54.50496856973132	0.0
390.9230734300069	2.0330734300069366	81.32293720027747	0.0
388.3915981552165	1.2315981552164885	49.26392620865954	0.0
388.20605401470505	1.046054014705021	41.84216058820084	0.0
388.15975926213525	0.9997592621352283	39.99037048540913	0.0
388.15975926213525	0.9997592621352283	39.99037048540913	0.0
388.20605401470505	1.046054014705021	41.84216058820084	0.0
388.3915981552165	1.2315981552164885	49.26392620865954	0.0
387.47049270552935	2.0404927055293456	81.61970822117382	0.0
386.8207606483747	1.3907606483746804	55.630425934987215	0.0
386.53404142354736	1.1040414235473577	44.16165694189431	0.0
386.53404142354736	1.1040414235473577	44.16165694189431	0.0
386.82076064837474	1.3907606483747372	55.63042593498949	0.0
387.4704927055294	2.0404927055294024	81.6197082211761	0.0
385.11685014633974	1.4168501463397547	56.67400585359019	0.0
385.0305354519869	1.3305354519869184	53.221418079476734	0.0
385.0305354519869	1.3305354519869184	53.221418079476734	0.0
385.11685014633986	1.4168501463398684	56.674005853594736	0.0
384.60942776875044	2.6394277687504086	105.57711075001635	0.0
384.5804010244305	2.610401024430473	104.41604097721893	0.0
384.5804010244305	2.610401024430473	104.41604097721893	0.0
384.6094277687505	2.6394277687504655	105.57711075001862	0.0

