Iteration number: 63 [ ]
Timestep: 360.0 [s]
Time of simulation: 432000.0 [s]
Time of simulation: 7200.0 [min]
Initial volume: 4320.0 [ m^3]
Total volume: 4320.000000000122 [m^3]
Time convergence of CG: 0.005323037 [s]
PiezHead	AquifThick	WaterVolume	Source
[m]	[m]	[m^3]	[m^3/s]
401.9032234188573	0.9032234188572943	36.12893675429177	0.0
401.9046537423221	0.9046537423221253	36.18614969288501	0.0
401.9047095427147	0.9047095427147269	36.18838170858908	0.0
401.9047107116125	0.9047107116124948	36.18842846449979	0.0
401.9047107290824	0.9047107290824101	36.188429163296405	0.0
401.90471072928887	0.9047107292888654	36.18842917155462	0.0
401.9047107292908	0.9047107292907981	36.188429171631924	0.0
401.9047107292908	0.9047107292907981	36.188429171631924	0.0
401.90471072928887	0.9047107292888654	36.18842917155462	0.0
401.9047107290824	0.9047107290824101	36.188429163296405	0.0
401.9047107116125	0.9047107116124948	36.18842846449979	0.0
401.9047095427147	0.9047095427147269	36.18838170858908	0.0
401.9046537423221	0.9046537423221253	36.18614969288501	0.0
401.9032234188573	0.9032234188572943	36.12893675429177	0.0
400.3638899110133	1.0938899110133207	43.75559644053283	0.0
400.27005501357047	1.0000550135704884	40.00220054281954	0.0
400.26730606460814	0.9973060646081535	39.89224258432614	0.0
400.26725347479413	0.9972534747941495	39.89013899176598	0.0
400.26725270302853	0.9972527030285505	39.89010812114202	0.0
400.26725269379074	0.997252693790756	39.89010775163024	0.0
400.267252693697	0.9972526936970212	39.89010774788085	0.0
400.267252693697	0.9972526936970212	39.89010774788085	0.0
400.26725269379074	0.997252693790756	39.89010775163024	0.0
400.26725270302853	0.9972527030285505	39.89010812114202	0.0
400.26725347479413	0.9972534747941495	39.89013899176598	0.0
400.26730606460814	0.9973060646081535	39.89224258432614	0.0
400.27005501357047	1.0000550135704884	40.00220054281954	0.0
400.3638899110133	1.0938899110133207	43.75559644053283	0.0
398.5383818641746	0.9983818641745756	39.935274566983026	0.0
398.5398837608584	0.9998837608583813	39.99535043433525	0.0
398.5399450416541	0.9999450416540867	39.99780166616347	0.0
398.53994636215174	0.999946362151718	39.99785448606872	0.0
398.53994638249264	0.9999463824926238	39.99785529970495	0.0
398.53994638274156	0.9999463827415411	39.997855309661645	0.0
398.53994638274156	0.9999463827415411	39.997855309661645	0.0
398.53994638249264	0.9999463824926238	39.99785529970495	0.0
398.53994636215174	0.999946362151718	39.99785448606872	0.0
398.5399450416541	0.9999450416540867	39.99780166616347	0.0
398.5398837608584	0.9998837608583813	39.99535043433525	0.0
398.5383818641746	0.9983818641745756	39.935274566983026	0.0
396.90685077879556	1.096850778795556	43.87403115182224	0.0
396.8127301665314	1.0027301665314212	40.10920666125685	0.0
396.81004906422254	1.0000490642225373	40.00196256890149	0.0
396.8099999226893	0.9999999226893124	39.999996907572495	0.0
396.80999921269716	0.999999212697162	39.99996850788648	0.0
396.80999920405134	0.9999992040513348	39.99996816205339	0.0
396.80999920405134	0.9999992040513348	39.99996816205339	0.0
396.8099992126972	0.9999992126972188	39.99996850788875	0.0
396.8099999226893	0.9999999226893124	39.999996907572495	0.0
396.81004906422254	1.0000490642225373	40.00196256890149	0.0
396.8127301665314	1.0027301665314212	40.10920666125685	0.0
396.90685077879556	1.096850778795556	43.87403115182224	0.0
395.07851666731017	0.9985166673101844	39.940666692407376	0.0
395.07994105655735	0.9999410565573612	39.99764226229445	0.0
395.0799987144976	0.9999987144976217	39.99994857990487	0.0
395.07999997053366	0.9999999705336791	39.99999882134716	0.0
395.0799999901619	0.999999990161939	39.99999960647756	0.0
395.0799999901619	0.999999990161939	39.99999960647756	0.0
395.07999997053366	0.9999999705336791	39.99999882134716	0.0
395.0799987144976	0.9999987144976217	39.99994857990487	0.0
395.07994105655735	0.9999410565573612	39.99764226229445	0.0
395.07851666731017	0.9985166673101844	39.940666692407376	0.0
393.44685293725826	1.0968529372582339	43.874117490329354	0.0
393.3527310101734	1.0027310101733633	40.10924040693453	0.0
393.35004984661714	1.0000498466171166	40.001993864684664	0.0
393.3500007039634	1.0000007039633942	40.00002815853577	0.0
393.35000000814046	1.0000000081404323	40.00000032561729	0.0
393.35000000814046	1.0000000081404323	40.00000032561729	0.0
393.3500007039634	1.0000007039633942	40.00002815853577	0.0
393.35004984661714	1.0000498466171166	40.001993864684664	0.0
393.3527310101734	1.0027310101733633	40.10924040693453	0.0
393.44685293725826	1.0968529372582339	43.874117490329354	0.0
391.6185166930869	0.9985166930869127	39.94066772347651	0.0
391.619941080778	0.9999410807780009	39.99764323112004	0.0
391.6199987385409	0.9999987385409099	39.9999495416364	0.0
391.6199999804451	0.9999999804450681	39.999999217802724	0.0
391.6199999804451	0.9999999804450681	39.999999217802724	0.0
391.61999873854097	0.9999987385409668	39.99994954163867	0.0
391.619941080778	0.9999410807780009	39.99764323112004	0.0
391.6185166930869	0.9985166930869127	39.94066772347651	0.0
389.98685293753994	1.0968529375399498	43.87411750159799	0.0
389.89273101041965	1.0027310104196658	40.10924041678663	0.0
389.8900498470725	1.0000498470724892	40.00199388289957	0.0
389.8900007152059	1.0000007152058856	40.000028608235425	0.0
389.8900007152059	1.0000007152058856	40.000028608235425	0.0
389.8900498470725	1.0000498470724892	40.00199388289957	0.0
389.8927310104196	1.002731010419609	40.10924041678436	0.0
389.98685293753994	1.0968529375399498	43.87411750159799	0.0
388.15851669326224	0.9985166932622178	39.94066773048871	0.0
388.1599410920475	0.9999410920474929	39.99764368189972	0.0
388.15999898811725	0.9999989881172269	39.999959524689075	0.0
388.15999898811725	0.9999989881172269	39.999959524689075	0.0
388.1599410920475	0.9999410920474929	39.99764368189972	0.0
388.15851669326224	0.9985166932622178	39.94066773048871	0.0
386.52685292168394	1.096852921683933	43.874116867357316	0.0
386.43272977520644	1.0027297752064328	40.10919100825731	0.0
386.4300203618185	1.0000203618184855	40.00081447273942	0.0
386.4300203618185	1.0000203618184855	40.00081447273942	0.0
386.43272977520644	1.0027297752064328	40.10919100825731	0.0
386.52685292168394	1.096852921683933	43.874116867357316	0.0
384.69845906166256	0.9984590616625724	39.938362466502895	0.0
384.6983257166811	0.9983257166811086	39.93302866724434	0.0
384.6983257166811	0.9983257166811086	39.93302866724434	0.0
384.69845906166256	0.9984590616625724	39.938362466502895	0.0
383.0698026433522	1.0998026433521773	43.99210573408709	0.0
383.06980053713625	1.0998005371362183	43.99202148544873	0.0
383.06980053713625	1.0998005371362183	43.99202148544873	0.0
383.06980264335226	1.099802643352234	43.992105734089364	0.0

