Iteration number: 20 [ ]
Timestep: 360.0 [s]
Time of simulation: 432000.0 [s]
Time of simulation: 7200.0 [min]
Initial volume: 4320.0 [ m^3]
Total volume: 4320.000000000041 [m^3]
Time convergence of CG: 0.009704101 [s]
PiezHead	AquifThick	WaterVolume	Source
[m]	[m]	[m^3]	[m^3/s]
401.9690006610476	0.9690006610475734	38.76002644190294	0.0
401.96915148592416	0.9691514859241579	38.766059436966316	0.0
401.96915323807195	0.9691532380719536	38.766129522878146	0.0
401.96915324974105	0.9691532497410549	38.766129989642195	0.0
401.9691532497982	0.9691532497981825	38.7661299919273	0.0
401.96915324979835	0.969153249798353	38.76612999193412	0.0
401.96915324979835	0.969153249798353	38.76612999193412	0.0
401.96915324979835	0.969153249798353	38.76612999193412	0.0
401.96915324979835	0.969153249798353	38.76612999193412	0.0
401.9691532497982	0.9691532497981825	38.7661299919273	0.0
401.96915324974105	0.9691532497410549	38.766129989642195	0.0
401.96915323807195	0.9691532380719536	38.766129522878146	0.0
401.96915148592416	0.9691514859241579	38.766059436966316	0.0
401.9690006610476	0.9690006610475734	38.76002644190294	0.0
400.3007032551861	1.030703255186097	41.22813020744388	0.0
400.27000174022066	1.0000017402206822	40.00006960882729	0.0
400.26971059242237	0.9997105924223888	39.98842369689555	0.0
400.2697086905871	0.9997086905871129	39.988347623484515	0.0
400.2697086808241	0.999708680824142	39.98834723296568	0.0
400.26970868078234	0.9997086807823621	39.98834723129448	0.0
400.2697086807822	0.9997086807821915	39.98834723128766	0.0
400.2697086807822	0.9997086807821915	39.98834723128766	0.0
400.26970868078234	0.9997086807823621	39.98834723129448	0.0
400.2697086808241	0.999708680824142	39.98834723296568	0.0
400.2697086905871	0.9997086905871129	39.988347623484515	0.0
400.26971059242237	0.9997105924223888	39.98842369689555	0.0
400.27000174022066	1.0000017402206822	40.00006960882729	0.0
400.3007032551861	1.030703255186097	41.22813020744388	0.0
398.5398427399074	0.9998427399073648	39.99370959629459	0.0
398.5399962552488	0.9999962552487887	39.999850209951546	0.0
398.53999806710834	0.9999980671083222	39.99992268433289	0.0
398.5399980793273	0.9999980793272698	39.99992317309079	0.0
398.53999807938783	0.999998079387808	39.99992317551232	0.0
398.53999807938806	0.9999980793880354	39.99992317552142	0.0
398.53999807938806	0.9999980793880354	39.99992317552142	0.0
398.53999807938783	0.999998079387808	39.99992317551232	0.0
398.5399980793273	0.9999980793272698	39.99992317309079	0.0
398.53999806710834	0.9999980671083222	39.99992268433289	0.0
398.5399962552488	0.9999962552487887	39.999850209951546	0.0
398.5398427399074	0.9998427399073648	39.99370959629459	0.0
396.84100205863194	1.031002058631941	41.24008234527764	0.0
396.81029037634806	1.0002903763480617	40.01161505392247	0.0
396.8100018641188	1.0000018641188149	40.000074564752595	0.0
396.8099999996759	0.9999999996758788	39.99999998703515	0.0
396.8099999901158	0.9999999901157821	39.999999604631284	0.0
396.8099999900748	0.999999990074798	39.99999960299192	0.0
396.8099999900748	0.999999990074798	39.99999960299192	0.0
396.8099999901158	0.9999999901157821	39.999999604631284	0.0
396.8099999996759	0.9999999996758788	39.99999998703515	0.0
396.8100018641188	1.0000018641188149	40.000074564752595	0.0
396.81029037634806	1.0002903763480617	40.01161505392247	0.0
396.84100205863194	1.031002058631941	41.24008234527764	0.0
395.07984744478074	0.9998474447807553	39.99389779123021	0.0
395.0799982141729	0.9999982141729333	39.99992856691733	0.0
395.07999998788546	0.9999999878854737	39.99999951541895	0.0
395.0799999998972	0.9999999998972271	39.999999995889084	0.0
395.079999999957	0.9999999999570264	39.999999998281055	0.0
395.079999999957	0.9999999999570264	39.999999998281055	0.0
395.0799999998972	0.9999999998972271	39.999999995889084	0.0
395.07999998788546	0.9999999878854737	39.99999951541895	0.0
395.0799982141729	0.9999982141729333	39.99992856691733	0.0
395.07984744478074	0.9998474447807553	39.99389779123021	0.0
393.38100208291513	1.0310020829151085	41.24008331660434	0.0
393.35029038642915	1.0002903864291284	40.011615457165135	0.0
393.35000187398754	1.0000018739875145	40.00007495950058	0.0
393.3500000095434	1.0000000095433847	40.00000038173539	0.0
393.3500000000407	1.0000000000406999	40.000000001627996	0.0
393.3500000000407	1.0000000000406999	40.000000001627996	0.0
393.3500000095434	1.0000000095433847	40.00000038173539	0.0
393.35000187398754	1.0000018739875145	40.00007495950058	0.0
393.35029038642915	1.0002903864291284	40.011615457165135	0.0
393.38100208291513	1.0310020829151085	41.24008331660434	0.0
391.6198474448828	0.9998474448827892	39.99389779531157	0.0
391.61999821427344	0.9999982142734325	39.9999285709373	0.0
391.61999998798575	0.9999999879857455	39.99999951942982	0.0
391.6199999999403	0.9999999999403144	39.999999997612576	0.0
391.6199999999403	0.9999999999403144	39.999999997612576	0.0
391.61999998798575	0.9999999879857455	39.99999951942982	0.0
391.61999821427344	0.9999982142734325	39.9999285709373	0.0
391.6198474448828	0.9998474448827892	39.99389779531157	0.0
389.9210020829156	1.0310020829156201	41.240083316624805	0.0
389.89029038642957	1.0002903864295831	40.011615457183325	0.0
389.8900018739881	1.0000018739881398	40.00007495952559	0.0
389.89000000958964	1.0000000095896553	40.00000038358621	0.0
389.89000000958964	1.0000000095896553	40.00000038358621	0.0
389.8900018739881	1.0000018739881398	40.00007495952559	0.0
389.89029038642957	1.0002903864295831	40.011615457183325	0.0
389.9210020829156	1.0310020829156201	41.240083316624805	0.0
388.1598474448829	0.9998474448829029	39.993897795316116	0.0
388.1599982142928	0.9999982142927593	39.99992857171037	0.0
388.1599999895574	0.9999999895573524	39.999999582294095	0.0
388.1599999895574	0.9999999895573524	39.999999582294095	0.0
388.1599982142928	0.9999982142927593	39.99992857171037	0.0
388.1598474448829	0.9998474448829029	39.993897795316116	0.0
386.461002082869	1.0310020828690085	41.24008331476034	0.0
386.4302903744217	1.000290374421695	40.011614976867804	0.0
386.4300009738462	1.00000097384617	40.0000389538468	0.0
386.4300009738462	1.00000097384617	40.0000389538468	0.0
386.4302903744217	1.000290374421695	40.011614976867804	0.0
386.461002082869	1.0310020828690085	41.24008331476034	0.0
384.699845672038	0.9998456720380204	39.99382688152082	0.0
384.6998409955553	0.9998409955553029	39.99363982221212	0.0
384.6998409955553	0.9998409955553029	39.99363982221212	0.0
384.699845672038	0.9998456720380204	39.99382688152082	0.0
383.0012999963038	1.031299996303801	41.25199985215204	0.0
383.0012999723015	1.0312999723014968	41.25199889205987	0.0
383.0012999723015	1.0312999723014968	41.25199889205987	0.0
383.0012999963038	1.031299996303801	41.25199985215204	0.0

