Iteration number: 24 [ ]
Timestep: 360.0 [s]
Time of simulation: 432000.0 [s]
Time of simulation: 7200.0 [min]
Initial volume: 4320.0 [ m^3]
Total volume: 4320.000000000022 [m^3]
Time convergence of CG: 0.009599447 [s]
PiezHead	AquifThick	WaterVolume	Source
[m]	[m]	[m^3]	[m^3/s]
401.9628258708753	0.9628258708752924	38.513034835011695	0.0
401.96304760925653	0.9630476092565345	38.52190437026138	0.0
401.96305073967153	0.9630507396715302	38.52202958686121	0.0
401.9630507648186	0.963050764818604	38.52203059274416	0.0
401.9630507649664	0.9630507649663969	38.522030598655874	0.0
401.963050764967	0.9630507649670221	38.522030598680885	0.0
401.963050764967	0.9630507649670221	38.522030598680885	0.0
401.963050764967	0.9630507649670221	38.522030598680885	0.0
401.963050764967	0.9630507649670221	38.522030598680885	0.0
401.9630507649664	0.9630507649663969	38.522030598655874	0.0
401.9630507648186	0.963050764818604	38.52203059274416	0.0
401.96305073967153	0.9630507396715302	38.52202958686121	0.0
401.96304760925653	0.9630476092565345	38.52190437026138	0.0
401.9628258708753	0.9628258708752924	38.513034835011695	0.0
400.30675047971954	1.036750479719558	41.47001918878232	0.0
400.2700031146054	1.0000031146054198	40.00012458421679	0.0
400.2695877160541	0.9995877160541227	39.98350864216491	0.0
400.2695845121212	0.9995845121212028	39.98338048484811	0.0
400.2695844928216	0.9995844928216115	39.98337971286446	0.0
400.269584492725	0.9995844927250346	39.98337970900138	0.0
400.2695844927246	0.9995844927246367	39.98337970898547	0.0
400.2695844927246	0.9995844927246367	39.98337970898547	0.0
400.269584492725	0.9995844927250346	39.98337970900138	0.0
400.2695844928216	0.9995844928216115	39.98337971286446	0.0
400.2695845121212	0.9995845121212028	39.98338048484811	0.0
400.2695877160541	0.9995877160541227	39.98350864216491	0.0
400.2700031146054	1.0000031146054198	40.00012458421679	0.0
400.30675047971954	1.036750479719558	41.47001918878232	0.0
398.5397671541031	0.9997671541030968	39.99068616412387	0.0
398.5399934804523	0.9999934804523036	39.999739218092145	0.0
398.53999673538397	0.9999967353839452	39.99986941535781	0.0
398.5399967618944	0.9999967618943515	39.99987047577406	0.0
398.5399967620524	0.9999967620523762	39.99987048209505	0.0
398.5399967620531	0.9999967620530583	39.99987048212233	0.0
398.5399967620531	0.9999967620530583	39.99987048212233	0.0
398.5399967620524	0.9999967620523762	39.99987048209505	0.0
398.5399967618944	0.9999967618943515	39.99987047577406	0.0
398.53999673538397	0.9999967353839452	39.99986941535781	0.0
398.5399934804523	0.9999934804523036	39.999739218092145	0.0
398.5397671541031	0.9997671541030968	39.99068616412387	0.0
396.8471787742265	1.0371787742265042	41.48715096906017	0.0
396.810414042359	1.0004140423590115	40.01656169436046	0.0
396.81000312507655	1.000003125076546	40.00012500306184	0.0
396.8099999992326	0.9999999992326138	39.999999969304554	0.0
396.80999998044956	0.9999999804495587	39.99999921798235	0.0
396.80999998035526	0.9999999803552555	39.99999921421022	0.0
396.80999998035526	0.9999999803552555	39.99999921421022	0.0
396.80999998044956	0.9999999804495587	39.99999921798235	0.0
396.8099999992326	0.9999999992326138	39.999999969304554	0.0
396.81000312507655	1.000003125076546	40.00012500306184	0.0
396.810414042359	1.0004140423590115	40.01656169436046	0.0
396.8471787742265	1.0371787742265042	41.48715096906017	0.0
395.0797751778066	0.9997751778066117	39.99100711226447	0.0
395.07999679869306	0.9999967986930756	39.99987194772302	0.0
395.0799999737628	0.99999997376284	39.9999989505136	0.0
395.07999999974464	0.9999999997446594	39.999999989786374	0.0
395.0799999999004	0.9999999999004103	39.99999999601641	0.0
395.0799999999004	0.9999999999004103	39.99999999601641	0.0
395.07999999974464	0.9999999997446594	39.999999989786374	0.0
395.0799999737628	0.99999997376284	39.9999989505136	0.0
395.07999679869306	0.9999967986930756	39.99987194772302	0.0
395.0797751778066	0.9997751778066117	39.99100711226447	0.0
393.38717882336107	1.037178823361046	41.48715293444184	0.0
393.3504140623936	1.0004140623935882	40.01656249574353	0.0
393.35000314458705	1.0000031445870263	40.00012578348105	0.0
393.3500000187394	1.0000000187393994	40.000000749575975	0.0
393.35000000009296	1.000000000092939	40.00000000371756	0.0
393.35000000009296	1.000000000092939	40.00000000371756	0.0
393.3500000187394	1.0000000187393994	40.000000749575975	0.0
393.35000314458705	1.0000031445870263	40.00012578348105	0.0
393.3504140623936	1.0004140623935882	40.01656249574353	0.0
393.38717882336107	1.037178823361046	41.48715293444184	0.0
391.6197751780482	0.9997751780481963	39.99100712192785	0.0
391.6199967989298	0.9999967989297716	39.99987195719086	0.0
391.619999973999	0.9999999739989676	39.9999989599587	0.0
391.6199999998446	0.9999999998445901	39.999999993783604	0.0
391.6199999998446	0.9999999998445901	39.999999993783604	0.0
391.619999973999	0.9999999739989676	39.9999989599587	0.0
391.6199967989298	0.9999967989297716	39.99987195719086	0.0
391.6197751780482	0.9997751780481963	39.99100712192785	0.0
389.92717882336217	1.0371788233621828	41.48715293448731	0.0
389.89041406239465	1.0004140623946682	40.01656249578673	0.0
389.8900031445887	1.0000031445887316	40.000125783549265	0.0
389.890000018849	1.0000000188489935	40.00000075395974	0.0
389.890000018849	1.0000000188489935	40.00000075395974	0.0
389.8900031445887	1.0000031445887316	40.000125783549265	0.0
389.89041406239465	1.0004140623946682	40.01656249578673	0.0
389.92717882336217	1.0371788233621828	41.48715293448731	0.0
388.15977517804856	0.9997751780485373	39.99100712194149	0.0
388.15999679899	0.9999967989899687	39.99987195959875	0.0
388.15999997783985	0.9999999778398205	39.99999911359282	0.0
388.15999997783985	0.9999999778398205	39.99999911359282	0.0
388.15999679899	0.9999967989899687	39.99987195959875	0.0
388.15977517804856	0.9997751780485373	39.99100712194149	0.0
386.46717882324117	1.0371788232411632	41.48715292964653	0.0
386.4304140365214	1.0004140365214198	40.01656146085679	0.0
386.4300015360155	1.0000015360154748	40.00006144061899	0.0
386.4300015360155	1.0000015360154748	40.00006144061899	0.0
386.4304140365214	1.0004140365214198	40.01656146085679	0.0
386.46717882324117	1.0371788232411632	41.48715292964653	0.0
384.6997720019208	0.9997720019208032	39.99088007683213	0.0
384.6997640290951	0.999764029095104	39.99056116380416	0.0
384.6997640290951	0.999764029095104	39.99056116380416	0.0
384.6997720019208	0.9997720019208032	39.99088007683213	0.0
383.00760576490393	1.0376057649039012	41.50423059615605	0.0
383.0076057163938	1.0376057163937844	41.504228655751376	0.0
383.0076057163938	1.0376057163937844	41.504228655751376	0.0
383.00760576490393	1.0376057649039012	41.50423059615605	0.0

