Iteration number: 65 [ ]
Timestep: 360.0 [s]
Time of simulation: 432000.0 [s]
Time of simulation: 7200.0 [min]
Initial volume: 4320.0 [ m^3]
Total volume: 4320.000000000095 [m^3]
Time convergence of CG: 0.005352307 [s]
PiezHead	AquifThick	WaterVolume	Source
[m]	[m]	[m^3]	[m^3/s]
401.90020158717493	0.9002015871749336	36.008063486997344	0.0
401.9017129478598	0.9017129478597781	36.06851791439112	0.0
401.9017739113563	0.9017739113563152	36.07095645425261	0.0
401.90177522821807	0.9017752282180709	36.071009128722835	0.0
401.90177524849634	0.9017752484963353	36.07100993985341	0.0
401.9017752487431	0.9017752487430926	36.0710099497237	0.0
401.90177524874554	0.9017752487455368	36.07100994982147	0.0
401.90177524874554	0.9017752487455368	36.07100994982147	0.0
401.9017752487431	0.9017752487430926	36.0710099497237	0.0
401.90177524849634	0.9017752484963353	36.07100993985341	0.0
401.90177522821807	0.9017752282180709	36.071009128722835	0.0
401.9017739113563	0.9017739113563152	36.07095645425261	0.0
401.9017129478598	0.9017129478597781	36.06851791439112	0.0
401.90020158717493	0.9002015871749336	36.008063486997344	0.0
400.36672510342186	1.0967251034218748	43.86900413687499	0.0
400.2700600360984	1.0000600360984322	40.00240144393729	0.0
400.2671379027701	0.9971379027701346	39.88551611080538	0.0
400.26708030155385	0.997080301553865	39.8832120621546	0.0
400.26707943079174	0.9970794307917572	39.88317723167029	0.0
400.26707942005805	0.9970794200580713	39.88317680232285	0.0
400.2670794199459	0.9970794199459192	39.88317679783677	0.0
400.2670794199459	0.9970794199459192	39.88317679783677	0.0
400.26707942005805	0.9970794200580713	39.88317680232285	0.0
400.26707943079174	0.9970794307917572	39.88317723167029	0.0
400.26708030155385	0.997080301553865	39.8832120621546	0.0
400.2671379027701	0.9971379027701346	39.88551611080538	0.0
400.2700600360984	1.0000600360984322	40.00240144393729	0.0
400.36672510342186	1.0967251034218748	43.86900413687499	0.0
398.53828323953854	0.998283239538523	39.93132958154092	0.0
398.5398725870843	0.9998725870842691	39.99490348337076	0.0
398.53993972451275	0.9999397245127284	39.997588980509136	0.0
398.53994121742835	0.9999412174283293	39.99764869713317	0.0
398.5399412411416	0.9999412411415847	39.99764964566339	0.0
398.5399412414407	0.9999412414406947	39.99764965762779	0.0
398.5399412414407	0.9999412414406947	39.99764965762779	0.0
398.5399412411416	0.9999412411415847	39.99764964566339	0.0
398.53994121742835	0.9999412174283293	39.99764869713317	0.0
398.53993972451275	0.9999397245127284	39.997588980509136	0.0
398.5398725870843	0.9998725870842691	39.99490348337076	0.0
398.53828323953854	0.998283239538523	39.93132958154092	0.0
396.9098793622931	1.099879362293109	43.995174491724356	0.0
396.81290195199887	1.0029019519988651	40.116078079954605	0.0
396.810053626278	1.0000536262779747	40.00214505111899	0.0
396.8099999102138	0.9999999102137735	39.99999640855094	0.0
396.8099991112728	0.9999991112728139	39.99996445091256	0.0
396.8099991012481	0.9999991012480791	39.999964049923165	0.0
396.8099991012481	0.9999991012480791	39.999964049923165	0.0
396.8099991112729	0.9999991112728708	39.99996445091483	0.0
396.8099999102138	0.9999999102137735	39.99999640855094	0.0
396.810053626278	1.0000536262779747	40.00214505111899	0.0
396.81290195199887	1.0029019519988651	40.116078079954605	0.0
396.9098793622931	1.099879362293109	43.995174491724356	0.0
395.07843086767986	0.9984308676798719	39.937234707194875	0.0
395.07993549824477	0.9999354982447812	39.99741992979125	0.0
395.0799985478077	0.9999985478077065	39.99994191230826	0.0
395.07999996569197	0.999999965691984	39.99999862767936	0.0
395.07999998854973	0.9999999885497459	39.99999954198984	0.0
395.07999998854973	0.9999999885497459	39.99999954198984	0.0
395.07999996569197	0.999999965691984	39.99999862767936	0.0
395.0799985478077	0.9999985478077065	39.99994191230826	0.0
395.07993549824477	0.9999354982447812	39.99741992979125	0.0
395.07843086767986	0.9984308676798719	39.937234707194875	0.0
393.44988180461354	1.099881804613517	43.99527218454068	0.0
393.3529029064286	1.0029029064285737	40.11611625714295	0.0
393.35005450929526	1.0000545092952393	40.00218037180957	0.0
393.35000079188467	1.000000791884645	40.0000316753858	0.0
393.350000009417	1.000000009416965	40.0000003766786	0.0
393.350000009417	1.000000009416965	40.0000003766786	0.0
393.35000079188467	1.000000791884645	40.0000316753858	0.0
393.35005450929526	1.0000545092952393	40.00218037180957	0.0
393.3529029064286	1.0029029064285737	40.11611625714295	0.0
393.44988180461354	1.099881804613517	43.99527218454068	0.0
391.6184308977336	0.9984308977336127	39.93723590934451	0.0
391.61993552642633	0.9999355264263272	39.99742105705309	0.0
391.61999857577536	0.9999985757753507	39.99994303101403	0.0
391.6199999772296	0.9999999772296064	39.99999908918426	0.0
391.6199999772296	0.9999999772296064	39.99999908918426	0.0
391.6199985757754	0.9999985757754075	39.9999430310163	0.0
391.61993552642633	0.9999355264263272	39.99742105705309	0.0
391.6184308977336	0.9984308977336127	39.93723590934451	0.0
389.9898818049525	1.0998818049525312	43.99527219810125	0.0
389.89290290672386	1.0029029067238753	40.11611626895501	0.0
389.8900545098414	1.0000545098413909	40.002180393655635	0.0
389.89000080494253	1.0000008049425446	40.000032197701785	0.0
389.89000080494253	1.0000008049425446	40.000032197701785	0.0
389.8900545098414	1.0000545098413909	40.002180393655635	0.0
389.8929029067238	1.0029029067238184	40.11611626895274	0.0
389.9898818049525	1.0998818049525312	43.99527219810125	0.0
388.15843089794515	0.9984308979451271	39.93723591780508	0.0
388.159935539619	0.9999355396190026	39.997421584760104	0.0
388.15999885864255	0.9999988586425275	39.9999543457011	0.0
388.15999885864255	0.9999988586425275	39.9999543457011	0.0
388.159935539619	0.9999355396190026	39.997421584760104	0.0
388.15843089794515	0.9984308979451271	39.93723591780508	0.0
386.52988178644864	1.099881786448634	43.995271457945364	0.0
386.4329015133035	1.0029015133034704	40.11606053213882	0.0
386.43002224768907	1.00002224768906	40.000889907562396	0.0
386.43002224768907	1.00002224768906	40.000889907562396	0.0
386.4329015133035	1.0029015133034704	40.11606053213882	0.0
386.52988178644864	1.099881786448634	43.995271457945364	0.0
384.69836790307227	0.9983679030722783	39.93471612289113	0.0
384.6982219166417	0.9982219166417394	39.92887666566958	0.0
384.6982219166417	0.9982219166417394	39.92887666566958	0.0
384.69836790307227	0.9983679030722783	39.93471612289113	0.0
383.0730242377109	1.1030242377108834	44.12096950843534	0.0
383.0730218560053	1.1030218560052845	44.12087424021138	0.0
383.0730218560053	1.1030218560052845	44.12087424021138	0.0
383.07302423771097	1.1030242377109403	44.12096950843761	0.0

