Iteration number: 84 [ ]
Timestep: 360.0 [s]
Time of simulation: 432000.0 [s]
Time of simulation: 7200.0 [min]
Initial volume: 4320.0 [ m^3]
Total volume: 4320.000000000024 [m^3]
Time convergence of CG: 0.006390322 [s]
PiezHead	AquifThick	WaterVolume	Source
[m]	[m]	[m^3]	[m^3/s]
401.8716944746592	0.8716944746591935	34.86777898636774	0.0
401.87403156141045	0.8740315614104475	34.9612624564179	0.0
401.87415599769423	0.8741559976942312	34.96623990776925	0.0
401.8741594548524	0.8741594548524176	34.966378194096706	0.0
401.8741595228371	0.8741595228370898	34.96638091348359	0.0
401.8741595238894	0.8741595238893751	34.966380955575005	0.0
401.87415952390296	0.8741595239029607	34.96638095611843	0.0
401.87415952390296	0.8741595239029607	34.96638095611843	0.0
401.8741595238894	0.8741595238893751	34.966380955575005	0.0
401.8741595228371	0.8741595228370898	34.96638091348359	0.0
401.8741594548524	0.8741594548524176	34.966378194096706	0.0
401.87415599769423	0.8741559976942312	34.96623990776925	0.0
401.87403156141045	0.8740315614104475	34.9612624564179	0.0
401.8716944746592	0.8716944746591935	34.86777898636774	0.0
400.39316215438305	1.123162154383067	44.92648617532268	0.0
400.27012087355706	1.00012087355708	40.004834942283196	0.0
400.265303407658	0.9953034076580138	39.812136306320554	0.0
400.2651819430667	0.9951819430667115	39.80727772266846	0.0
400.26517959828334	0.9951795982833573	39.80718393133429	0.0
400.2651795614305	0.9951795614305183	39.80718245722073	0.0
400.2651795609407	0.9951795609406986	39.807182437627944	0.0
400.2651795609407	0.9951795609406986	39.807182437627944	0.0
400.2651795614305	0.9951795614305183	39.80718245722073	0.0
400.26517959828334	0.9951795982833573	39.80718393133429	0.0
400.2651819430667	0.9951819430667115	39.80727772266846	0.0
400.265303407658	0.9953034076580138	39.812136306320554	0.0
400.27012087355706	1.00012087355708	40.004834942283196	0.0
400.39316215438305	1.123162154383067	44.92648617532268	0.0
398.53723760315916	0.9972376031591352	39.88950412636541	0.0
398.53973058298146	0.9997305829814422	39.98922331925769	0.0
398.5398712584446	0.999871258444557	39.99485033778228	0.0
398.53987531036273	0.9998753103627109	39.99501241450844	0.0
398.5398753931824	0.9998753931823785	39.99501572729514	0.0
398.5398753945242	0.9998753945241674	39.995015780966696	0.0
398.5398753945242	0.9998753945241674	39.995015780966696	0.0
398.5398753931824	0.9998753931823785	39.99501572729514	0.0
398.53987531036273	0.9998753103627109	39.99501241450844	0.0
398.5398712584446	0.999871258444557	39.99485033778228	0.0
398.53973058298146	0.9997305829814422	39.98922331925769	0.0
398.53723760315916	0.9972376031591352	39.88950412636541	0.0
396.9384693171693	1.1284693171692766	45.13877268677106	0.0
396.8147831433417	1.0047831433416832	40.19132573366733	0.0
396.8101109254189	1.0001109254188805	40.00443701675522	0.0
396.80999969432656	0.9999996943265614	39.99998777306246	0.0
396.80999759402283	0.9999975940228296	39.999903760913185	0.0
396.8099975602485	0.9999975602485165	39.99990240994066	0.0
396.8099975602485	0.9999975602485165	39.99990240994066	0.0
396.8099975940229	0.9999975940228865	39.99990376091546	0.0
396.80999969432656	0.9999996943265614	39.99998777306246	0.0
396.8101109254189	1.0001109254188805	40.00443701675522	0.0
396.8147831433417	1.0047831433416832	40.19132573366733	0.0
396.9384693171693	1.1284693171692766	45.13877268677106	0.0
395.077548093033	0.9975480930330036	39.901923721320145	0.0
395.079866335478	0.9998663354780319	39.99465341912128	0.0
395.079996087377	0.9999960873770419	39.99984349508168	0.0
395.07999988102307	0.9999998810230863	39.999995240923454	0.0
395.0799999600453	0.9999999600453293	39.99999840181317	0.0
395.0799999600453	0.9999999600453293	39.99999840181317	0.0
395.07999988102307	0.9999998810230863	39.999995240923454	0.0
395.079996087377	0.9999960873770419	39.99984349508168	0.0
395.079866335478	0.9998663354780319	39.99465341912128	0.0
395.077548093033	0.9975480930330036	39.901923721320145	0.0
393.47847605790975	1.1284760579097224	45.139042316388895	0.0
393.3547857809575	1.0047857809574907	40.19143123829963	0.0
393.35011331186104	1.0001133118610142	40.004532474440566	0.0
393.3500020747201	1.0000020747201006	40.000082988804024	0.0
393.35000003103283	1.0000000310328119	40.000001241312475	0.0
393.35000003103283	1.0000000310328119	40.000001241312475	0.0
393.3500020747201	1.0000020747201006	40.000082988804024	0.0
393.35011331186104	1.0001133118610142	40.004532474440566	0.0
393.3547857809575	1.0047857809574907	40.19143123829963	0.0
393.47847605790975	1.1284760579097224	45.139042316388895	0.0
391.6175481993431	0.9975481993431004	39.901927973724014	0.0
391.6198664332759	0.9998664332758835	39.99465733103534	0.0
391.6199961841738	0.9999961841737672	39.99984736695069	0.0
391.6199999213481	0.9999999213480919	39.999996853923676	0.0
391.6199999213481	0.9999999213480919	39.999996853923676	0.0
391.61999618417383	0.9999961841738241	39.99984736695296	0.0
391.6198664332759	0.9998664332758835	39.99465733103534	0.0
391.6175481993431	0.9975481993431004	39.901927973724014	0.0
390.01847605947086	1.12847605947087	45.1390423788348	0.0
389.8947857822682	1.0047857822681863	40.19143129072745	0.0
389.89011331427923	1.0001133142792469	40.004532571169875	0.0
389.89000211910474	1.0000021191047495	40.00008476418998	0.0
389.89000211910474	1.0000021191047495	40.00008476418998	0.0
389.89011331427923	1.0001133142792469	40.004532571169875	0.0
389.8947857822682	1.0047857822681863	40.19143129072745	0.0
390.01847605947086	1.12847605947087	45.1390423788348	0.0
388.1575482003083	0.9975482003083016	39.901928012332064	0.0
388.15986648036204	0.9998664803620159	39.994659214480635	0.0
388.1599969596641	0.9999969596640881	39.99987838656352	0.0
388.1599969596641	0.9999969596640881	39.99987838656352	0.0
388.15986648036204	0.9998664803620159	39.994659214480635	0.0
388.1575482003083	0.9975482003083016	39.901928012332064	0.0
386.5584759942945	1.1284759942944902	45.13903977177961	0.0
386.43478208232744	1.0047820823274378	40.19128329309751	0.0
386.4300465421876	1.0000465421875901	40.001861687503606	0.0
386.4300465421876	1.0000465421875901	40.001861687503606	0.0
386.43478208232744	1.0047820823274378	40.19128329309751	0.0
386.5584759942945	1.1284759942944902	45.13903977177961	0.0
384.6974193074159	0.9974193074158961	39.896772296635845	0.0
384.69711327803367	0.9971132780336802	39.88453112134721	0.0
384.69711327803367	0.9971132780336802	39.88453112134721	0.0
384.6974193074159	0.9974193074158961	39.896772296635845	0.0
383.1037655631268	1.133765563126758	45.35062252507032	0.0
383.10375902983117	1.1337590298311397	45.35036119324559	0.0
383.10375902983117	1.1337590298311397	45.35036119324559	0.0
383.10376556312684	1.1337655631268149	45.350622525072595	0.0

