Iteration number: 107 [ ]
Timestep: 360.0 [s]
Time of simulation: 432000.0 [s]
Time of simulation: 7200.0 [min]
Initial volume: 4320.0 [ m^3]
Total volume: 4320.000000000113 [m^3]
Time convergence of CG: 0.005246667 [s]
PiezHead	AquifThick	WaterVolume	Source
[m]	[m]	[m^3]	[m^3/s]
401.8377199812426	0.8377199812426284	33.508799249705135	0.0
401.84113441665727	0.841134416657269	33.64537666629076	0.0
401.84137284785794	0.8413728478579401	33.6549139143176	0.0
401.84138124868986	0.8413812486898564	33.65524994759426	0.0
401.8413814565308	0.8413814565308257	33.65525826123303	0.0
401.8413814605644	0.8413814605643779	33.655258422575116	0.0
401.84138146062924	0.8413814606292362	33.65525842516945	0.0
401.84138146062924	0.8413814606292362	33.65525842516945	0.0
401.8413814605644	0.8413814605643779	33.655258422575116	0.0
401.8413814565308	0.8413814565308257	33.65525826123303	0.0
401.84138124868986	0.8413812486898564	33.65524994759426	0.0
401.84137284785794	0.8413728478579401	33.6549139143176	0.0
401.84113441665727	0.841134416657269	33.64537666629076	0.0
401.8377199812426	0.8377199812426284	33.508799249705135	0.0
400.42390858850325	1.1539085885032705	46.15634354013082	0.0
400.2702260211408	1.0002260211408043	40.00904084563217	0.0
400.26253024179124	0.9925302417912576	39.701209671650304	0.0
400.2622852987301	0.9922852987301098	39.691411949204394	0.0
400.2622793359153	0.9922793359153275	39.6911734366131	0.0
400.26227921777934	0.9922792177793553	39.691168711174214	0.0
400.2622792158032	0.9922792158031939	39.691168632127756	0.0
400.2622792158032	0.9922792158031939	39.691168632127756	0.0
400.26227921777934	0.9922792177793553	39.691168711174214	0.0
400.2622793359153	0.9922793359153275	39.6911734366131	0.0
400.2622852987301	0.9922852987301098	39.691411949204394	0.0
400.26253024179124	0.9925302417912576	39.701209671650304	0.0
400.2702260211408	1.0002260211408043	40.00904084563217	0.0
400.42390858850325	1.1539085885032705	46.15634354013082	0.0
398.535750934311	0.9957509343109905	39.83003737243962	0.0
398.53945814945524	0.9994581494552222	39.978325978208886	0.0
398.5397362136743	0.9997362136742822	39.98944854697129	0.0
398.5397464559697	0.9997464559696709	39.98985823878684	0.0
398.5397467218065	0.9997467218065026	39.989868872260104	0.0
398.53974672726946	0.9997467272694394	39.989869090777574	0.0
398.53974672726946	0.9997467272694394	39.989869090777574	0.0
398.5397467218065	0.9997467218065026	39.989868872260104	0.0
398.5397464559697	0.9997464559696709	39.98985823878684	0.0
398.5397362136743	0.9997362136742822	39.98944854697129	0.0
398.53945814945524	0.9994581494552222	39.978325978208886	0.0
398.535750934311	0.9957509343109905	39.83003737243962	0.0
396.97259220838754	1.1625922083875366	46.503688335501465	0.0
396.8176473179731	1.0076473179731238	40.30589271892495	0.0
396.8102189459047	1.0002189459046917	40.00875783618767	0.0
396.8099990345041	0.9999990345040715	39.99996138016286	0.0
396.80999383175254	0.9999938317525334	39.99975327010134	0.0
396.8099937256577	0.9999937256577027	39.99974902630811	0.0
396.8099937256577	0.9999937256577027	39.99974902630811	0.0
396.8099938317526	0.9999938317525903	39.99975327010361	0.0
396.8099990345041	0.9999990345040715	39.99996138016286	0.0
396.8102189459047	1.0002189459046917	40.00875783618767	0.0
396.8176473179731	1.0076473179731238	40.30589271892495	0.0
396.97259220838754	1.1625922083875366	46.503688335501465	0.0
395.07637439569453	0.996374395694545	39.8549758277818	0.0
395.0797393413176	0.9997393413175928	39.98957365270371	0.0
395.0799901910274	0.9999901910273934	39.999607641095736	0.0
395.0799996186766	0.9999996186766111	39.999984747064445	0.0
395.07999986925967	0.9999998692596819	39.999994770387275	0.0
395.07999986925967	0.9999998692596819	39.999994770387275	0.0
395.0799996186766	0.9999996186766111	39.999984747064445	0.0
395.0799901910274	0.9999901910273934	39.999607641095736	0.0
395.0797393413176	0.9997393413175928	39.98957365270371	0.0
395.07637439569453	0.996374395694545	39.8549758277818	0.0
393.5126098078506	1.162609807850572	46.50439231402288	0.0
393.35765424458214	1.0076542445821133	40.30616978328453	0.0
393.3502250530857	1.0002250530856713	40.00900212342685	0.0
393.3500051169249	1.0000051169248536	40.000204676994144	0.0
393.35000009487766	1.0000000948776346	40.000003795105386	0.0
393.35000009487766	1.0000000948776346	40.000003795105386	0.0
393.3500051169249	1.0000051169248536	40.000204676994144	0.0
393.3502250530857	1.0002250530856713	40.00900212342685	0.0
393.35765424458214	1.0076542445821133	40.30616978328453	0.0
393.5126098078506	1.162609807850572	46.50439231402288	0.0
391.6163747478245	0.9963747478245182	39.85498991298073	0.0
391.6197396581029	0.9997396581028966	39.98958632411586	0.0
391.6199905034745	0.9999905034745211	39.999620138980845	0.0
391.6199997508683	0.9999997508683123	39.99999003473249	0.0
391.6199997508683	0.9999997508683123	39.99999003473249	0.0
391.6199905034745	0.9999905034745211	39.999620138980845	0.0
391.6197396581029	0.9997396581028966	39.98958632411586	0.0
391.6163747478245	0.9963747478245182	39.85498991298073	0.0
390.05260981453046	1.1626098145304695	46.50439258121878	0.0
389.89765424996136	1.0076542499613765	40.30616999845506	0.0
389.8902250628474	1.0002250628473917	40.009002513895666	0.0
389.89000525631724	1.0000052563172517	40.00021025269007	0.0
389.89000525631724	1.0000052563172517	40.00021025269007	0.0
389.8902250628474	1.0002250628473917	40.009002513895666	0.0
389.89765424996136	1.0076542499613765	40.30616999845506	0.0
390.05260981453046	1.1626098145304695	46.50439258121878	0.0
388.15637475170973	0.996374751709709	39.85499006838836	0.0
388.1597398093311	0.9997398093310608	39.98959237324243	0.0
388.15999244995146	0.999992449951435	39.9996979980574	0.0
388.15999244995146	0.999992449951435	39.9996979980574	0.0
388.1597398093311	0.9997398093310608	39.98959237324243	0.0
388.15637475170973	0.996374751709709	39.85499006838836	0.0
386.5926096039026	1.162609603902581	46.50438415610324	0.0
386.4376451653869	1.0076451653869185	40.30580661547674	0.0
386.43009513471253	1.0000951347125238	40.00380538850095	0.0
386.43009513471253	1.0000951347125238	40.00380538850095	0.0
386.4376451653869	1.0076451653869185	40.30580661547674	0.0
386.5926096039026	1.162609603902581	46.50438415610324	0.0
384.69612849987624	0.9961284998762494	39.845139995049976	0.0
384.6955169845115	0.9955169845115392	39.82067938046157	0.0
384.6955169845115	0.9955169845115392	39.82067938046157	0.0
384.69612849987624	0.9961284998762494	39.845139995049976	0.0
383.1412733448576	1.1712733448575818	46.85093379430327	0.0
383.14125642003717	1.171256420037139	46.85025680148556	0.0
383.14125642003717	1.171256420037139	46.85025680148556	0.0
383.14127334485767	1.1712733448576387	46.85093379430555	0.0

