Iteration number: 172 [ ]
Timestep: 360.0 [s]
Time of simulation: 432000.0 [s]
Time of simulation: 7200.0 [min]
Initial volume: 4320.0 [ m^3]
Total volume: 4319.999999999947 [m^3]
Time convergence of CG: 0.005615955 [s]
PiezHead	AquifThick	WaterVolume	Source
[m]	[m]	[m^3]	[m^3/s]
401.7454535446471	0.7454535446470913	29.818141785883654	0.0
401.7516870666146	0.7516870666145792	30.067482664583167	0.0
401.75247112558077	0.7524711255807688	30.09884502323075	0.0
401.75251531705356	0.7525153170535646	30.100612682142582	0.0
401.7525170245172	0.7525170245172035	30.10068098068814	0.0
401.7525170759074	0.7525170759074058	30.100683036296232	0.0
401.7525170771858	0.7525170771858143	30.10068308743257	0.0
401.7525170771858	0.7525170771858143	30.10068308743257	0.0
401.7525170759074	0.7525170759074058	30.100683036296232	0.0
401.7525170245172	0.7525170245172035	30.10068098068814	0.0
401.75251531705356	0.7525153170535646	30.100612682142582	0.0
401.75247112558077	0.7524711255807688	30.09884502323075	0.0
401.7516870666146	0.7516870666145792	30.067482664583167	0.0
401.7454535446471	0.7454535446470913	29.818141785883654	0.0
400.5027870859894	1.2327870859894006	49.31148343957602	0.0
400.27065444840883	1.0006544484088522	40.02617793635409	0.0
400.25172314376294	0.981723143762963	39.26892575051852	0.0
400.25077085369156	0.9807708536915811	39.230834147663245	0.0
400.2507343104894	0.9807343104894244	39.229372419576976	0.0
400.2507331668414	0.9807331668414463	39.22932667365785	0.0
400.25073313662216	0.9807331366221774	39.2293254648871	0.0
400.25073313662216	0.9807331366221774	39.2293254648871	0.0
400.2507331668414	0.9807331668414463	39.22932667365785	0.0
400.2507343104894	0.9807343104894244	39.229372419576976	0.0
400.25077085369156	0.9807708536915811	39.230834147663245	0.0
400.25172314376294	0.981723143762963	39.26892575051852	0.0
400.27065444840883	1.0006544484088522	40.02617793635409	0.0
400.5027870859894	1.2327870859894006	49.31148343957602	0.0
398.5307860083442	0.9907860083441733	39.63144033376693	0.0
398.53793044583153	0.9979304458315141	39.917217833260565	0.0
398.53892467334936	0.998924673349336	39.95698693397344	0.0
398.53898455123186	0.9989845512318425	39.9593820492737	0.0
398.53898704313065	0.9989870431306258	39.95948172522503	0.0
398.5389871250709	0.9989871250708688	39.959485002834754	0.0
398.5389871250709	0.9989871250708688	39.959485002834754	0.0
398.53898704313065	0.9989870431306258	39.95948172522503	0.0
398.53898455123186	0.9989845512318425	39.9593820492737	0.0
398.53892467334936	0.998924673349336	39.95698693397344	0.0
398.53793044583153	0.9979304458315141	39.917217833260565	0.0
398.5307860083442	0.9907860083441733	39.63144033376693	0.0
397.06555907111886	1.255559071118853	50.222362844754116	0.0
396.8289595954406	1.0189595954406059	40.758383817624235	0.0
396.81080924700933	1.0008092470093288	40.03236988037315	0.0
396.8099910552131	0.9999910552131155	39.99964220852462	0.0
396.80996097690837	0.999960976908369	39.99843907633476	0.0
396.8099599929354	0.9999599929353735	39.99839971741494	0.0
396.8099599929354	0.9999599929353735	39.99839971741494	0.0
396.8099609769084	0.9999609769084259	39.998439076337036	0.0
396.8099910552131	0.9999910552131155	39.99964220852462	0.0
396.81080924700933	1.0008092470093288	40.03236988037315	0.0
396.8289595954406	1.0189595954406059	40.758383817624235	0.0
397.06555907111886	1.255559071118853	50.222362844754116	0.0
395.0731897095854	0.9931897095854083	39.72758838341633	0.0
395.0791039162498	0.9991039162497941	39.964156649991764	0.0
395.0799437594632	0.9999437594632354	39.99775037852942	0.0
395.07999637846143	0.9999963784614465	39.99985513845786	0.0
395.0799986507507	0.9999986507507401	39.999946030029605	0.0
395.0799986507507	0.9999986507507401	39.999946030029605	0.0
395.07999637846143	0.9999963784614465	39.99985513845786	0.0
395.0799437594632	0.9999437594632354	39.99775037852942	0.0
395.0791039162498	0.9991039162497941	39.964156649991764	0.0
395.0731897095854	0.9931897095854083	39.72758838341633	0.0
393.6056745137482	1.255674513748204	50.22698054992816	0.0
393.3690062688826	1.0190062688825492	40.76025075530197	0.0
393.3508477457998	1.0008477457997742	40.03390983199097	0.0
393.3500291730276	1.000029173027599	40.00116692110396	0.0
393.3500008137174	1.0000008137173495	40.00003254869398	0.0
393.3500008137174	1.0000008137173495	40.00003254869398	0.0
393.3500291730276	1.000029173027599	40.00116692110396	0.0
393.3508477457998	1.0008477457997742	40.03390983199097	0.0
393.3690062688826	1.0190062688825492	40.76025075530197	0.0
393.6056745137482	1.255674513748204	50.22698054992816	0.0
391.6131934372232	0.9931934372231694	39.72773748892678	0.0
391.61910707993803	0.9991070799380282	39.96428319752113	0.0
391.61994684478657	0.9999468447865638	39.99787379146255	0.0
391.6199977485191	0.9999977485190925	39.9999099407637	0.0
391.61999774851915	0.9999977485191494	39.999909940765974	0.0
391.61994684478657	0.9999468447865638	39.99787379146255	0.0
391.61910707993803	0.9991070799380282	39.96428319752113	0.0
391.6131934372232	0.9931934372231694	39.72773748892678	0.0
390.1456746328482	1.2556746328482404	50.22698531392962	0.0
389.909006355306	1.0190063553060327	40.76025421224131	0.0
389.89084789074406	1.000847890744069	40.03391562976276	0.0
389.89003043280314	1.0000304328031575	40.0012173121263	0.0
389.89003043280314	1.0000304328031575	40.0012173121263	0.0
389.89084789074406	1.000847890744069	40.03391562976276	0.0
389.909006355306	1.0190063553060327	40.76025421224131	0.0
390.1456746328482	1.2556746328482404	50.22698531392962	0.0
388.15319348935816	0.9931934893581342	39.72773957432537	0.0
388.1591084110368	0.9991084110367865	39.96433644147146	0.0
388.15995750044834	0.9999575004483177	39.998300017932706	0.0
388.15995750044834	0.9999575004483177	39.998300017932706	0.0
388.1591084110368	0.9991084110367865	39.96433644147146	0.0
388.15319348935816	0.9931934893581342	39.72773957432537	0.0
386.6856726647473	1.2556726647472942	50.22690658989177	0.0
386.44895831914084	1.018958319140836	40.75833276563344	0.0
386.43040638728183	1.0004063872818278	40.016255491273114	0.0
386.43040638728183	1.0004063872818278	40.016255491273114	0.0
386.44895831914084	1.018958319140836	40.75833276563344	0.0
386.6856726647473	1.2556726647472942	50.22690658989177	0.0
384.6924243315861	0.9924243315861077	39.696973263444306	0.0
384.69011114142893	0.9901111414289403	39.60444565715761	0.0
384.69011114142893	0.9901111414289403	39.60444565715761	0.0
384.6924243315861	0.9924243315861077	39.696973263444306	0.0
383.24851325701565	1.278513257015618	51.140530280624716	0.0
383.2484049832047	1.2784049832046662	51.13619932818665	0.0
383.2484049832047	1.2784049832046662	51.13619932818665	0.0
383.2485132570157	1.2785132570156748	51.14053028062699	0.0

