Iteration number: 193 [ ]
Timestep: 360.0 [s]
Time of simulation: 432000.0 [s]
Time of simulation: 7200.0 [min]
Initial volume: 4320.0 [ m^3]
Total volume: 4320.000000000005 [m^3]
Time convergence of CG: 0.007615738 [s]
PiezHead	AquifThick	WaterVolume	Source
[m]	[m]	[m^3]	[m^3/s]
401.7169715419524	0.7169715419523754	28.678861678095018	0.0
401.72387372854394	0.7238737285439356	28.954949141757425	0.0
401.7248978020731	0.7248978020730874	28.995912082923496	0.0
401.7249626207155	0.7249626207154733	28.998504828618934	0.0
401.7249654082532	0.7249654082531833	28.998616330127334	0.0
401.7249655014438	0.724965501443819	28.99862005775276	0.0
401.7249655040177	0.724965504017689	28.99862016070756	0.0
401.7249655040177	0.724965504017689	28.99862016070756	0.0
401.7249655014438	0.724965501443819	28.99862005775276	0.0
401.7249654082532	0.7249654082531833	28.998616330127334	0.0
401.7249626207155	0.7249626207154733	28.998504828618934	0.0
401.7248978020731	0.7248978020730874	28.995912082923496	0.0
401.72387372854394	0.7238737285439356	28.954949141757425	0.0
401.7169715419524	0.7169715419523754	28.678861678095018	0.0
400.5256215907695	1.2556215907695218	50.224863630780874	0.0
400.2708004662326	1.0008004662325902	40.03201864930361	0.0
400.24738807195456	0.9773880719545787	39.09552287818315	0.0
400.2460719449155	0.9760719449155317	39.04287779662127	0.0
400.2460155744233	0.976015574423343	39.04062297693372	0.0
400.2460136033003	0.9760136033003164	39.040544132012656	0.0
400.24601354507905	0.9760135450790699	39.040541803162796	0.0
400.24601354507905	0.9760135450790699	39.040541803162796	0.0
400.2460136033003	0.9760136033003164	39.040544132012656	0.0
400.2460155744233	0.976015574423343	39.04062297693372	0.0
400.2460719449155	0.9760719449155317	39.04287779662127	0.0
400.24738807195456	0.9773880719545787	39.09552287818315	0.0
400.2708004662326	1.0008004662325902	40.03201864930361	0.0
400.5256215907695	1.2556215907695218	50.224863630780874	0.0
398.52909034815656	0.9890903481565374	39.563613926261496	0.0
398.53715773057814	0.9971577305781238	39.886309223124954	0.0
398.53848987695795	0.9984898769579331	39.939595078317325	0.0
398.5385805550916	0.9985805550915643	39.94322220366257	0.0
398.5385847914403	0.9985847914402939	39.943391657611755	0.0
398.53858494770583	0.9985849477058082	39.94339790823233	0.0
398.53858494770583	0.9985849477058082	39.94339790823233	0.0
398.5385847914403	0.9985847914402939	39.943391657611755	0.0
398.5385805550916	0.9985805550915643	39.94322220366257	0.0
398.53848987695795	0.9984898769579331	39.939595078317325	0.0
398.53715773057814	0.9971577305781238	39.886309223124954	0.0
398.52909034815656	0.9890903481565374	39.563613926261496	0.0
397.09434096671686	1.2843409667168544	51.373638668674175	0.0
396.83353971437606	1.0235397143760565	40.94158857504226	0.0
396.8111033989164	1.0011033989163707	40.04413595665483	0.0
396.80998477356417	0.9999847735641652	39.999390942566606	0.0
396.809939030583	0.9999390305829934	39.997561223319735	0.0
396.80993735105204	0.99993735105204	39.9974940420816	0.0
396.80993735105204	0.99993735105204	39.9974940420816	0.0
396.80993903058305	0.9999390305830502	39.99756122332201	0.0
396.80998477356417	0.9999847735641652	39.999390942566606	0.0
396.8111033989164	1.0011033989163707	40.04413595665483	0.0
396.83353971437606	1.0235397143760565	40.94158857504226	0.0
397.09434096671686	1.2843409667168544	51.373638668674175	0.0
395.07241024474166	0.9924102447416772	39.696409789667086	0.0
395.0788151255402	0.9988151255402045	39.95260502160818	0.0
395.0799152556865	0.999915255686517	39.99661022746068	0.0
395.079993798522	0.9999937985220413	39.99975194088165	0.0
395.0799976218607	0.9999976218607003	39.99990487442801	0.0
395.0799976218607	0.9999976218607003	39.99990487442801	0.0
395.079993798522	0.9999937985220413	39.99975194088165	0.0
395.0799152556865	0.999915255686517	39.99661022746068	0.0
395.0788151255402	0.9988151255402045	39.95260502160818	0.0
395.07241024474166	0.9924102447416772	39.696409789667086	0.0
393.6345228798909	1.284522879890858	51.380915195634316	0.0
393.3736140299976	1.0236140299975887	40.944561199903546	0.0
393.35116350648156	1.0011635064815323	40.04654025926129	0.0
393.3500441472405	1.0000441472404873	40.00176588961949	0.0
393.35000135359957	1.0000013535995436	40.00005414398174	0.0
393.35000135359957	1.0000013535995436	40.00005414398174	0.0
393.3500441472405	1.0000441472404873	40.00176588961949	0.0
393.35116350648156	1.0011635064815323	40.04654025926129	0.0
393.3736140299976	1.0236140299975887	40.944561199903546	0.0
393.6345228798909	1.284522879890858	51.380915195634316	0.0
391.6124168618466	0.9924168618466069	39.69667447386428	0.0
391.61882064497837	0.9988206449783661	39.952825799134644	0.0
391.619920616716	0.9999206167159969	39.996824668639874	0.0
391.6199962160903	0.9999962160903237	39.99984864361295	0.0
391.6199962160904	0.9999962160903806	39.99984864361522	0.0
391.619920616716	0.9999206167159969	39.996824668639874	0.0
391.61882064497837	0.9988206449783661	39.952825799134644	0.0
391.6124168618466	0.9924168618466069	39.69667447386428	0.0
390.17452312065245	1.2845231206524659	51.380924826098635	0.0
389.91361419963744	1.02361419963745	40.944567985498	0.0
389.89116378255494	1.0011637825549542	40.04655130219817	0.0
389.89004627257486	1.0000462725748775	40.0018509029951	0.0
389.89004627257486	1.0000462725748775	40.0018509029951	0.0
389.89116378255494	1.0011637825549542	40.04655130219817	0.0
389.91361419963744	1.02361419963745	40.944567985498	0.0
390.17452312065245	1.2845231206524659	51.380924826098635	0.0
388.15241695650525	0.9924169565052239	39.696678260208955	0.0
388.15882283659766	0.9988228365976397	39.95291346390559	0.0
388.15993629166053	0.9999362916605037	39.99745166642015	0.0
388.15993629166053	0.9999362916605037	39.99745166642015	0.0
388.15882283659766	0.9988228365976397	39.95291346390559	0.0
388.15241695650525	0.9924169565052239	39.696678260208955	0.0
386.7145198033617	1.284519803361718	51.38079213446872	0.0
386.4535442641397	1.023544264139673	40.94177056558692	0.0
386.4305834723011	1.0005834723011162	40.02333889204465	0.0
386.4305834723011	1.0005834723011162	40.02333889204465	0.0
386.4535442641397	1.023544264139673	40.94177056558692	0.0
386.7145198033617	1.284519803361718	51.38079213446872	0.0
384.6914462198464	0.9914462198464093	39.657848793856374	0.0
384.6882760536965	0.9882760536964952	39.53104214785981	0.0
384.6882760536965	0.9882760536964952	39.53104214785981	0.0
384.6914462198464	0.9914462198464093	39.657848793856374	0.0
383.28339155003465	1.3133915500346234	52.535662001384935	0.0
383.2832224844311	1.313222484431094	52.52889937724376	0.0
383.2832224844312	1.3132224844311509	52.528899377246034	0.0
383.2833915500347	1.3133915500346802	52.53566200138721	0.0

