Iteration number: 273 [ ]
Timestep: 360.0 [s]
Time of simulation: 432000.0 [s]
Time of simulation: 7200.0 [min]
Initial volume: 4320.0 [ m^3]
Total volume: 4319.999999999858 [m^3]
Time convergence of CG: 0.005287517 [s]
PiezHead	AquifThick	WaterVolume	Source
[m]	[m]	[m^3]	[m^3/s]
401.6149780665743	0.614978066574281	24.59912266297124	0.0
401.6226124001618	0.6226124001618132	24.904496006472527	0.0
401.6247467173765	0.6247467173765244	24.989868695060977	0.0
401.6249405243664	0.6249405243664228	24.99762097465691	0.0
401.62495199744325	0.6249519974432474	24.998079897729895	0.0
401.62495252117145	0.6249525211714513	24.99810084685805	0.0
401.6249525409025	0.6249525409024841	24.998101636099364	0.0
401.6249525409025	0.6249525409024841	24.998101636099364	0.0
401.62495252117145	0.6249525211714513	24.99810084685805	0.0
401.62495199744325	0.6249519974432474	24.998079897729895	0.0
401.6249405243664	0.6249405243664228	24.99762097465691	0.0
401.6247467173765	0.6247467173765244	24.989868695060977	0.0
401.6226124001618	0.6226124001618132	24.904496006472527	0.0
401.6149780665743	0.614978066574281	24.59912266297124	0.0
400.600537097032	1.3305370970319927	53.22148388127971	0.0
400.27105557601124	1.0010555760112538	40.04222304045015	0.0
400.2276983434365	0.9576983434365047	38.30793373746019	0.0
400.2242922350327	0.9542922350327103	38.17168940130841	0.0
400.22408983228377	0.9540898322837847	38.16359329135139	0.0
400.2240799700531	0.9540799700531011	38.16319880212404	0.0
400.2240795630754	0.9540795630754246	38.163182523016985	0.0
400.2240795630754	0.9540795630754246	38.163182523016985	0.0
400.2240799700531	0.9540799700531011	38.16319880212404	0.0
400.22408983228377	0.9540898322837847	38.16359329135139	0.0
400.2242922350327	0.9542922350327103	38.17168940130841	0.0
400.2276983434365	0.9576983434365047	38.30793373746019	0.0
400.27105557601124	1.0010555760112538	40.04222304045015	0.0
400.600537097032	1.3305370970319927	53.22148388127971	0.0
398.52297371718623	0.9829737171862121	39.31894868744848	0.0
398.53280160105624	0.9928016010562146	39.712064042248585	0.0
398.53583617436584	0.9958361743658202	39.83344697463281	0.0
398.5361388515028	0.996138851502792	39.84555406011168	0.0
398.5361589688725	0.9961589688724644	39.846358754898574	0.0
398.53616001996954	0.9961600199695226	39.846400798780905	0.0
398.53616001996954	0.9961600199695226	39.846400798780905	0.0
398.5361589688725	0.9961589688724644	39.846358754898574	0.0
398.5361388515028	0.996138851502792	39.84555406011168	0.0
398.53583617436584	0.9958361743658202	39.83344697463281	0.0
398.53280160105624	0.9928016010562146	39.712064042248585	0.0
398.52297371718623	0.9829737171862121	39.31894868744848	0.0
397.1976095926493	1.3876095926493122	55.50438370597249	0.0
396.8544442586576	1.0444442586576201	41.777770346304806	0.0
396.81273988437016	1.0027398843701576	40.109595374806304	0.0
396.80992647883085	0.9999264788308437	39.99705915323375	0.0
396.809768036281	0.9997680362810115	39.99072145124046	0.0
396.80975980835774	0.9997598083577373	39.99039233430949	0.0
396.80975980835774	0.9997598083577373	39.99039233430949	0.0
396.809768036281	0.9997680362810115	39.99072145124046	0.0
396.80992647883085	0.9999264788308437	39.99705915323375	0.0
396.81273988437016	1.0027398843701576	40.109595374806304	0.0
396.8544442586576	1.0444442586576201	41.777770346304806	0.0
397.1976095926493	1.3876095926493122	55.50438370597249	0.0
395.0716255223453	0.9916255223453163	39.66502089381265	0.0
395.07744372978397	0.9974437297839813	39.89774919135925	0.0
395.079720787938	0.9997207879380312	39.98883151752125	0.0
395.0799694673132	0.9999694673132353	39.99877869252941	0.0
395.07998695456814	0.9999869545681577	39.99947818272631	0.0
395.0799869545681	0.9999869545681008	39.99947818272403	0.0
395.0799694673132	0.9999694673132353	39.99877869252941	0.0
395.079720787938	0.9997207879380312	39.98883151752125	0.0
395.07744372978397	0.9974437297839813	39.89774919135925	0.0
395.0716255223453	0.9916255223453163	39.66502089381265	0.0
393.7383175143282	1.3883175143281505	55.53270057312602	0.0
393.39474623641615	1.044746236416131	41.78984945664524	0.0
393.35296836541795	1.002968365417928	40.11873461671712	0.0
393.35014980395545	1.0001498039554235	40.00599215821694	0.0
393.3500059990399	1.0000059990398995	40.00023996159598	0.0
393.3500059990399	1.0000059990398995	40.00023996159598	0.0
393.35014980395545	1.0001498039554235	40.00599215821694	0.0
393.35296836541795	1.002968365417928	40.11873461671712	0.0
393.39474623641615	1.044746236416131	41.78984945664524	0.0
393.7383175143281	1.3883175143280937	55.53270057312375	0.0
391.6116627360856	0.9916627360855728	39.66650944342291	0.0
391.6174729764606	0.9974729764605854	39.89891905842342	0.0
391.61974872212835	0.999748722128345	39.9899488851338	0.0
391.61998277511947	0.999982775119463	39.99931100477852	0.0
391.61998277511947	0.999982775119463	39.99931100477852	0.0
391.61974872212835	0.999748722128345	39.9899488851338	0.0
391.6174729764606	0.9974729764605854	39.89891905842342	0.0
391.6116627360856	0.9916627360855728	39.66650944342291	0.0
390.2783195286967	1.3883195286967407	55.53278114786963	0.0
389.93474752778513	1.0447475277851481	41.789901111405925	0.0
389.8929702248481	1.0029702248481271	40.118808993925086	0.0
389.89015972013607	1.0001597201360823	40.006388805443294	0.0
389.89015972013607	1.0001597201360823	40.006388805443294	0.0
389.8929702248481	1.0029702248481271	40.118808993925086	0.0
389.93474752778513	1.0447475277851481	41.789901111405925	0.0
390.2783195286967	1.3883195286967407	55.53278114786963	0.0
388.15166325061193	0.9916632506119072	39.66653002447629	0.0
388.1574818548837	0.9974818548836879	39.899274195347516	0.0
388.15979438718455	0.9997943871845223	39.99177548738089	0.0
388.15979438718455	0.9997943871845223	39.99177548738089	0.0
388.1574818548837	0.9974818548836879	39.899274195347516	0.0
388.15166325061193	0.9916632506119072	39.66653002447629	0.0
386.81830485715346	1.3883048571534573	55.53219428613829	0.0
386.4745551060162	1.0445551060162188	41.78220424064875	0.0
386.4317647800478	1.001764780047779	40.07059120191116	0.0
386.4317647800478	1.001764780047779	40.07059120191116	0.0
386.4745551060162	1.0445551060162188	41.78220424064875	0.0
386.81830485715346	1.3883048571534573	55.53219428613829	0.0
384.6901087700414	0.9901087700413882	39.60435080165553	0.0
384.68214216409115	0.9821421640911581	39.28568656364632	0.0
384.6821421640912	0.9821421640912149	39.285686563648596	0.0
384.6901087700414	0.9901087700413882	39.60435080165553	0.0
383.4162667273729	1.4462667273728584	57.85066909491434	0.0
383.41563473320826	1.4456347332082373	57.82538932832949	0.0
383.41563473320826	1.4456347332082373	57.82538932832949	0.0
383.41626672737294	1.4462667273729153	57.85066909491661	0.0

