Iteration number: 415 [ ]
Timestep: 360.0 [s]
Time of simulation: 432000.0 [s]
Time of simulation: 7200.0 [min]
Initial volume: 4320.0 [ m^3]
Total volume: 4320.000000000013 [m^3]
Time convergence of CG: 0.005201327 [s]
PiezHead	AquifThick	WaterVolume	Source
[m]	[m]	[m^3]	[m^3/s]
401.45968695351564	0.4596869535156429	18.387478140625717	0.0
401.4602773914324	0.4602773914323848	18.41109565729539	0.0
401.4645836078158	0.4645836078158254	18.583344312633017	0.0
401.46522160909393	0.4652216090939305	18.60886436375722	0.0
401.4652768957473	0.46527689574730857	18.611075829892343	0.0
401.46528052776733	0.46528052776733375	18.61122111069335	0.0
401.4652807248403	0.4652807248402837	18.61122899361135	0.0
401.4652807248403	0.4652807248402837	18.61122899361135	0.0
401.46528052776733	0.46528052776733375	18.61122111069335	0.0
401.4652768957473	0.46527689574730857	18.611075829892343	0.0
401.46522160909393	0.4652216090939305	18.60886436375722	0.0
401.4645836078158	0.4645836078158254	18.583344312633017	0.0
401.4602773914324	0.4602773914323848	18.41109565729539	0.0
401.45968695351564	0.4596869535156429	18.387478140625717	0.0
400.689215222675	1.4192152226750068	56.76860890700027	0.0
400.26820830237074	0.998208302370756	39.92833209483024	0.0
400.1832718229798	0.9132718229798229	36.530872919192916	0.0
400.17327913853086	0.9032791385308769	36.13116554123508	0.0
400.1724071251405	0.9024071251405417	36.09628500562167	0.0
400.1723443009111	0.9023443009111247	36.09377203644499	0.0
400.17234044490453	0.9023404449045529	36.093617796182116	0.0
400.17234044490453	0.9023404449045529	36.093617796182116	0.0
400.17234430091116	0.9023443009111816	36.09377203644726	0.0
400.1724071251405	0.9024071251405417	36.09628500562167	0.0
400.17327913853086	0.9032791385308769	36.13116554123508	0.0
400.1832718229798	0.9132718229798229	36.530872919192916	0.0
400.26820830237074	0.998208302370756	39.92833209483024	0.0
400.689215222675	1.4192152226750068	56.76860890700027	0.0
398.5155122944596	0.9755122944595769	39.020491778383075	0.0
398.51937983102323	0.9793798310232091	39.175193240928365	0.0
398.5262420739887	0.9862420739887057	39.44968295954823	0.0
398.52738721415324	0.9873872141532161	39.49548856612864	0.0
398.52750567573975	0.987505675739726	39.50022702958904	0.0
398.5275151548987	0.9875151548986878	39.50060619594751	0.0
398.5275151548987	0.9875151548986878	39.50060619594751	0.0
398.52750567573975	0.987505675739726	39.50022702958904	0.0
398.52738721415324	0.9873872141532161	39.49548856612864	0.0
398.5262420739887	0.9862420739887057	39.44968295954823	0.0
398.51937983102323	0.9793798310232091	39.175193240928365	0.0
398.5155122944596	0.9755122944595769	39.020491778383075	0.0
397.35424219901137	1.5442421990113644	61.769687960454576	0.0
396.9008434677141	1.0908434677140804	43.633738708563214	0.0
396.81767839578765	1.00767839578765	40.307135831506	0.0
396.8095406666525	0.9995406666524786	39.981626666099146	0.0
396.8088623533214	0.9988623533213854	39.954494132855416	0.0
396.80880933384765	0.998809333847646	39.95237335390584	0.0
396.8088093338476	0.9988093338475892	39.95237335390357	0.0
396.8088623533214	0.9988623533213854	39.954494132855416	0.0
396.8095406666525	0.9995406666524786	39.981626666099146	0.0
396.81767839578765	1.00767839578765	40.307135831506	0.0
396.900843467714	1.0908434677140235	43.63373870856094	0.0
397.35424219901137	1.5442421990113644	61.769687960454576	0.0
395.0819544787562	1.001954478756204	40.07817915024816	0.0
395.07490659415134	0.9949065941513595	39.79626376605438	0.0
395.07894057397425	0.9989405739742665	39.95762295897066	0.0
395.07980319309934	0.9998031930993534	39.992127723974136	0.0
395.0799001542362	0.9999001542362294	39.996006169449174	0.0
395.07990015423616	0.9999001542361725	39.9960061694469	0.0
395.07980319309934	0.9998031930993534	39.992127723974136	0.0
395.0789405739743	0.9989405739743233	39.957622958972934	0.0
395.07490659415134	0.9949065941513595	39.79626376605438	0.0
395.08195447875613	1.0019544787561472	40.07817915024589	0.0
393.89775144505734	1.5477514450573153	61.91005780229261	0.0
393.4424674623476	1.0924674623475994	43.698698493903976	0.0
393.35880387414215	1.0088038741421315	40.35215496568526	0.0
393.3506153527852	1.0006153527851893	40.02461411140757	0.0
393.35003208926094	1.0000320892609125	40.0012835704365	0.0
393.35003208926094	1.0000320892609125	40.0012835704365	0.0
393.3506153527852	1.0006153527851893	40.02461411140757	0.0
393.35880387414215	1.0088038741421315	40.35215496568526	0.0
393.44246746234757	1.0924674623475426	43.6986984939017	0.0
393.8977514450572	1.5477514450572016	61.910057802288065	0.0
391.6222494357188	1.0022494357187952	40.08997742875181	0.0
391.6151206674343	0.9951206674343211	39.804826697372846	0.0
391.6191382861885	0.9991382861884972	39.96553144753989	0.0
391.6199054101363	0.9999054101363072	39.99621640545229	0.0
391.6199054101363	0.9999054101363072	39.99621640545229	0.0
391.6191382861885	0.9991382861884972	39.96553144753989	0.0
391.6151206674343	0.9951206674343211	39.804826697372846	0.0
391.62224943571874	1.0022494357187384	40.089977428749535	0.0
390.4377773803734	1.547777380373418	61.91109521493672	0.0
389.98248239745965	1.092482397459662	43.69929589838648	0.0
389.89882110663046	1.008821106630478	40.35284426521912	0.0
389.89067403176426	1.0006740317642766	40.026961270571064	0.0
389.89067403176426	1.0006740317642766	40.026961270571064	0.0
389.8988211066304	1.0088211066304211	40.352844265216845	0.0
389.98248239745965	1.092482397459662	43.69929589838648	0.0
390.4377773803734	1.547777380373418	61.91109521493672	0.0
388.1622528328366	1.0022528328365752	40.09011331346301	0.0
388.1551548459004	0.9951548459004016	39.806193836016064	0.0
388.1592573587667	0.9992573587666698	39.97029435066679	0.0
388.1592573587667	0.9992573587666698	39.97029435066679	0.0
388.1551548459004	0.9951548459004016	39.806193836016064	0.0
388.1622528328366	1.0022528328365752	40.09011331346301	0.0
386.9777155061811	1.5477155061810777	61.90862024724311	0.0
386.52211622636537	1.0921162263653628	43.68464905461451	0.0
386.43684499111197	1.0068449911119615	40.27379964447846	0.0
386.43684499111197	1.0068449911119615	40.27379964447846	0.0
386.52211622636537	1.0921162263653628	43.68464905461451	0.0
386.97771550618114	1.5477155061811345	61.90862024724538	0.0
384.7029505058927	1.002950505892727	40.11802023570908	0.0
384.6806360986335	0.9806360986335108	39.22544394534043	0.0
384.68063609863356	0.9806360986335676	39.225443945342704	0.0
384.7029505058927	1.002950505892727	40.11802023570908	0.0
383.6471921682236	1.6771921682235984	67.08768672894394	0.0
383.644342804249	1.6743428042489654	66.97371216995862	0.0
383.644342804249	1.6743428042489654	66.97371216995862	0.0
383.6471921682237	1.6771921682236552	67.08768672894621	0.0

