Iteration number: 433 [ ]
Timestep: 360.0 [s]
Time of simulation: 432000.0 [s]
Time of simulation: 7200.0 [min]
Initial volume: 4320.0 [ m^3]
Total volume: 4320.000000000044 [m^3]
Time convergence of CG: 0.005202602 [s]
PiezHead	AquifThick	WaterVolume	Source
[m]	[m]	[m^3]	[m^3/s]
401.4422330708189	0.4422330708188724	17.689322832754897	0.0
401.44119870631454	0.4411987063145375	17.6479482525815	0.0
401.4457582431267	0.4457582431267042	17.830329725068168	0.0
401.44647243711205	0.44647243711204965	17.858897484481986	0.0
401.4465367472974	0.4465367472973867	17.861469891895467	0.0
401.4465411270622	0.44654112706217575	17.86164508248703	0.0
401.44654137350125	0.44654137350124756	17.861654940049903	0.0
401.44654137350125	0.44654137350124756	17.861654940049903	0.0
401.4465411270622	0.44654112706217575	17.86164508248703	0.0
401.4465367472974	0.4465367472973867	17.861469891895467	0.0
401.446472437112	0.4464724371119928	17.858897484479712	0.0
401.4457582431267	0.4457582431267042	17.830329725068168	0.0
401.44119870631454	0.4411987063145375	17.6479482525815	0.0
401.4422330708189	0.4422330708188724	17.689322832754897	0.0
400.6968584536736	1.426858453673617	57.07433814694468	0.0
400.2673807346675	0.9973807346675017	39.895229386700066	0.0
400.17699575708724	0.9069957570872589	36.279830283490355	0.0
400.1659197182586	0.8959197182585967	35.83678873034387	0.0
400.1649157460329	0.8949157460328934	35.796629841315735	0.0
400.16484056117883	0.894840561178853	35.79362244715412	0.0
400.16483576062046	0.8948357606204809	35.793430424819235	0.0
400.16483576062046	0.8948357606204809	35.793430424819235	0.0
400.1648405611789	0.8948405611789099	35.793622447156395	0.0
400.1649157460329	0.8949157460328934	35.796629841315735	0.0
400.1659197182586	0.8959197182585967	35.83678873034387	0.0
400.17699575708724	0.9069957570872589	36.279830283490355	0.0
400.2673807346675	0.9973807346675017	39.895229386700066	0.0
400.6968584536736	1.426858453673617	57.07433814694468	0.0
398.5149245175995	0.9749245175995043	38.99698070398017	0.0
398.5171817221679	0.9771817221678702	39.08726888671481	0.0
398.5245141106832	0.9845141106831647	39.38056442732659	0.0
398.5258109329295	0.9858109329294962	39.43243731717985	0.0
398.52595148599903	0.98595148599901	39.4380594399604	0.0
398.5259632350821	0.9859632350820675	39.4385294032827	0.0
398.5259632350821	0.9859632350820675	39.4385294032827	0.0
398.5259514859991	0.9859514859990668	39.43805943996267	0.0
398.5258109329295	0.9858109329294962	39.43243731717985	0.0
398.5245141106832	0.9845141106831647	39.38056442732659	0.0
398.5171817221679	0.9771817221678702	39.08726888671481	0.0
398.5149245175995	0.9749245175995043	38.99698070398017	0.0
397.3716567312707	1.5616567312707161	62.466269250828645	0.0
396.9072025118331	1.0972025118330748	43.88810047332299	0.0
396.81847458282823	1.008474582828228	40.33898331312912	0.0
396.80944975659116	0.9994497565911615	39.97799026364646	0.0
396.80866619718273	0.9986661971827289	39.946647887309155	0.0
396.8086024351854	0.9986024351853757	39.94409740741503	0.0
396.8086024351853	0.9986024351853189	39.944097407412755	0.0
396.80866619718273	0.9986661971827289	39.946647887309155	0.0
396.80944975659116	0.9994497565911615	39.97799026364646	0.0
396.81847458282823	1.008474582828228	40.33898331312912	0.0
396.9072025118331	1.0972025118330748	43.88810047332299	0.0
397.3716567312707	1.5616567312707161	62.466269250828645	0.0
395.0844370808518	1.004437080851801	40.17748323407204	0.0
395.0746701455611	0.9946701455610878	39.78680582244351	0.0
395.0787966730691	0.9987966730691369	39.951866922765475	0.0
395.079763305885	0.9997633058850397	39.99053223540159	0.0
395.07987753279605	0.999877532796063	39.99510131184252	0.0
395.07987753279605	0.999877532796063	39.99510131184252	0.0
395.079763305885	0.9997633058850397	39.99053223540159	0.0
395.0787966730692	0.9987966730691937	39.95186692276775	0.0
395.0746701455611	0.9946701455610878	39.78680582244351	0.0
395.0844370808517	1.0044370808517442	40.17748323406977	0.0
393.91576777109697	1.5657677710969438	62.63071084387775	0.0
393.44912455609335	1.0991245560933294	43.964982243733175	0.0
393.3597954185079	1.0097954185078493	40.39181674031397	0.0
393.35070690821277	1.0007069082127487	40.028276328509946	0.0
393.3500376574763	1.0000376574762981	40.001506299051925	0.0
393.3500376574763	1.0000376574762981	40.001506299051925	0.0
393.35070690821277	1.0007069082127487	40.028276328509946	0.0
393.3597954185079	1.0097954185078493	40.39181674031397	0.0
393.4491245560933	1.0991245560932725	43.9649822437309	0.0
393.91576777109685	1.56576777109683	62.6307108438732	0.0
391.6248000563116	1.0048000563115806	40.192002252463226	0.0
391.61493158400776	0.9949315840077588	39.79726336031035	0.0
391.61903704991755	0.9990370499175469	39.96148199670188	0.0
391.61988871489797	0.9998887148979634	39.995548595918535	0.0
391.61988871489797	0.9998887148979634	39.995548595918535	0.0
391.61903704991755	0.9990370499175469	39.96148199670188	0.0
391.61493158400776	0.9949315840077588	39.79726336031035	0.0
391.6248000563115	1.0048000563115238	40.19200225246095	0.0
390.45580129399144	1.5658012939914556	62.632051759658225	0.0
389.98914369044536	1.0991436904453735	43.96574761781494	0.0
389.89981690721476	1.0098169072147698	40.39267628859079	0.0
389.89077678402606	1.0007767840260726	40.031071361042905	0.0
389.89077678402606	1.0007767840260726	40.031071361042905	0.0
389.8998169072147	1.009816907214713	40.39267628858852	0.0
389.98914369044536	1.0991436904453735	43.96574761781494	0.0
390.45580129399144	1.5658012939914556	62.632051759658225	0.0
388.1648042072376	1.0048042072375551	40.192168289502206	0.0
388.1549694140906	0.9949694140905763	39.79877656362305	0.0
388.15916319766404	0.9991631976640178	39.966527906560714	0.0
388.15916319766404	0.9991631976640178	39.966527906560714	0.0
388.1549694140906	0.9949694140905763	39.79877656362305	0.0
388.1648042072376	1.0048042072375551	40.192168289502206	0.0
386.99573297342414	1.565732973424133	62.62931893696532	0.0
386.5287907898848	1.098790789884788	43.95163159539152	0.0
386.4378507241126	1.0078507241125862	40.31402896450345	0.0
386.4378507241126	1.0078507241125862	40.31402896450345	0.0
386.5287907898848	1.098790789884788	43.95163159539152	0.0
386.9957329734242	1.5657329734241898	62.62931893696759	0.0
384.70632652341084	1.0063265234108485	40.25306093643394	0.0
384.6817363412123	0.9817363412122972	39.26945364849189	0.0
384.6817363412123	0.9817363412122972	39.26945364849189	0.0
384.70632652341084	1.0063265234108485	40.25306093643394	0.0
383.67565843123623	1.705658431236202	68.22633724944808	0.0
383.67236761126026	1.7023676112602288	68.09470445040915	0.0
383.67236761126026	1.7023676112602288	68.09470445040915	0.0
383.6756584312363	1.7056584312362588	68.22633724945035	0.0

