Iteration number: 440 [ ]
Timestep: 360.0 [s]
Time of simulation: 432000.0 [s]
Time of simulation: 7200.0 [min]
Initial volume: 4320.0 [ m^3]
Total volume: 4320.000000000034 [m^3]
Time convergence of CG: 0.005881711 [s]
PiezHead	AquifThick	WaterVolume	Source
[m]	[m]	[m^3]	[m^3/s]
401.43557186155414	0.43557186155413774	17.42287446216551	0.0
401.4338660060123	0.43386600601229475	17.35464024049179	0.0
401.438521636906	0.438521636905989	17.54086547623956	0.0
401.43926666963796	0.43926666963795924	17.57066678551837	0.0
401.43933473511413	0.4393347351141301	17.573389404565205	0.0
401.4393394339036	0.4393394339036263	17.57357735614505	0.0
401.43933970193916	0.4393397019391614	17.573588077566455	0.0
401.43933970193916	0.4393397019391614	17.573588077566455	0.0
401.4393394339036	0.4393394339036263	17.57357735614505	0.0
401.43933473511413	0.4393347351141301	17.573389404565205	0.0
401.4392666696379	0.4392666696379024	17.570666785516096	0.0
401.438521636906	0.438521636905989	17.54086547623956	0.0
401.4338660060123	0.43386600601229475	17.35464024049179	0.0
401.43557186155414	0.43557186155413774	17.42287446216551	0.0
400.6996356624871	1.429635662487101	57.18542649948404	0.0
400.26702547325885	0.9970254732588728	39.88101893035491	0.0
400.17452366568585	0.904523665685872	36.18094662743488	0.0
400.1630126134915	0.8930126134915213	35.72050453966085	0.0
400.1619541918713	0.8919541918713207	35.67816767485283	0.0
400.16187376717727	0.8918737671772874	35.674950687091496	0.0
400.1618685551323	0.8918685551323051	35.674742205292205	0.0
400.1618685551323	0.8918685551323051	35.674742205292205	0.0
400.1618737671773	0.8918737671773442	35.67495068709377	0.0
400.1619541918713	0.8919541918713207	35.67816767485283	0.0
400.1630126134915	0.8930126134915213	35.72050453966085	0.0
400.17452366568585	0.904523665685872	36.18094662743488	0.0
400.26702547325885	0.9970254732588728	39.88101893035491	0.0
400.6996356624871	1.429635662487101	57.18542649948404	0.0
398.5147155637128	0.9747155637127776	38.9886225485111	0.0
398.51629870613397	0.9762987061339459	39.051948245357835	0.0
398.5238092003938	0.9838092003938073	39.35236801575229	0.0
398.5251675755965	0.9851675755965061	39.406703023860246	0.0
398.52531743201484	0.9853174320148241	39.412697280592965	0.0
398.5253301675205	0.9853301675204875	39.4132067008195	0.0
398.5253301675205	0.9853301675204875	39.4132067008195	0.0
398.5253174320149	0.985317432014881	39.41269728059524	0.0
398.5251675755965	0.9851675755965061	39.406703023860246	0.0
398.5238092003938	0.9838092003938073	39.35236801575229	0.0
398.51629870613397	0.9762987061339459	39.051948245357835	0.0
398.5147155637128	0.9747155637127776	38.9886225485111	0.0
397.3782853573856	1.568285357385605	62.7314142954242	0.0
396.9096898974947	1.0996898974946703	43.98759589978681	0.0
396.81879330403643	1.0087933040364305	40.35173216145722	0.0
396.8094110783106	0.9994110783105725	39.9764431324229	0.0
396.8085837840222	0.9985837840221734	39.943351360886936	0.0
396.80851543686714	0.9985154368671374	39.940617474685496	0.0
396.8085154368671	0.9985154368670806	39.94061747468322	0.0
396.8085837840222	0.9985837840221734	39.943351360886936	0.0
396.8094110783106	0.9994110783105725	39.9764431324229	0.0
396.81879330403643	1.0087933040364305	40.35173216145722	0.0
396.9096898974947	1.0996898974946703	43.98759589978681	0.0
397.3782853573856	1.568285357385605	62.7314142954242	0.0
395.0854720783025	1.005472078302489	40.21888313209956	0.0
395.07458723865705	0.9945872386570613	39.78348954628245	0.0
395.0787378880009	0.9987378880009032	39.94951552003613	0.0
395.0797462758563	0.999746275856296	39.98985103425184	0.0
395.07986772995116	0.9998677299511769	39.994709198047076	0.0
395.07986772995116	0.9998677299511769	39.994709198047076	0.0
395.0797462758563	0.999746275856296	39.98985103425184	0.0
395.07873788800094	0.9987378880009601	39.9495155200384	0.0
395.07458723865705	0.9945872386570613	39.78348954628245	0.0
395.0854720783024	1.0054720783024322	40.21888313209729	0.0
393.92264855754087	1.5726485575408446	62.905942301633786	0.0
393.45173792360686	1.1017379236068336	44.069516944273346	0.0
393.36019631769017	1.010196317690145	40.4078527076058	0.0
393.35074475182233	1.0007447518223103	40.02979007289241	0.0
393.35003998035893	1.0000399803589062	40.00159921435625	0.0
393.35003998035893	1.0000399803589062	40.00159921435625	0.0
393.35074475182233	1.0007447518223103	40.02979007289241	0.0
393.36019631769017	1.010196317690145	40.4078527076058	0.0
393.4517379236068	1.1017379236067768	44.06951694427107	0.0
393.92264855754075	1.572648557540731	62.90594230162924	0.0
391.62586457791747	1.005864577917464	40.23458311669856	0.0
391.6148691473665	0.9948691473665008	39.79476589466003	0.0
391.6189966321692	0.9989966321692236	39.959865286768945	0.0
391.6198817358592	0.9998817358592191	39.995269434368765	0.0
391.6198817358592	0.9998817358592191	39.995269434368765	0.0
391.6189966321692	0.9989966321692236	39.959865286768945	0.0
391.6148691473665	0.9948691473665008	39.79476589466003	0.0
391.6258645779174	1.0058645779174071	40.234583116696285	0.0
390.4626854854271	1.5726854854270869	62.907419417083474	0.0
389.99175893440747	1.101758934407485	44.0703573762994	0.0
389.9002196694111	1.0102196694111285	40.40878677644514	0.0
389.89081937165867	1.0008193716586788	40.032774866347154	0.0
389.89081937165867	1.0008193716586788	40.032774866347154	0.0
389.90021966941106	1.0102196694110717	40.40878677644287	0.0
389.99175893440747	1.101758934407485	44.0703573762994	0.0
390.4626854854271	1.5726854854270869	62.907419417083474	0.0
388.16586906251456	1.0058690625145346	40.23476250058138	0.0
388.15490836103004	0.9949083610300136	39.79633444120054	0.0
388.1591251543878	0.9991251543877979	39.96500617551192	0.0
388.1591251543878	0.9991251543877979	39.96500617551192	0.0
388.15490836103004	0.9949083610300136	39.79633444120054	0.0
388.16586906251456	1.0058690625145346	40.23476250058138	0.0
387.0026148421991	1.5726148421990729	62.904593687962915	0.0
386.53141511853073	1.1014151185307242	44.056604741228966	0.0
386.43826733473645	1.0082673347364448	40.33069338945779	0.0
386.43826733473645	1.0082673347364448	40.33069338945779	0.0
386.53141511853073	1.1014151185307242	44.056604741228966	0.0
387.00261484219914	1.5726148421991297	62.90459368796519	0.0
384.70775399914504	1.0077539991450521	40.310159965802086	0.0
384.68225616210054	0.9822561621005548	39.29024648402219	0.0
384.68225616210054	0.9822561621005548	39.29024648402219	0.0
384.70775399914504	1.0077539991450521	40.310159965802086	0.0
383.6866685629628	1.7166685629627523	68.66674251851009	0.0
383.6831956287293	1.713195628729295	68.5278251491718	0.0
383.6831956287293	1.713195628729295	68.5278251491718	0.0
383.68666856296284	1.7166685629628091	68.66674251851236	0.0

