Iteration number: 546 [ ]
Timestep: 360.0 [s]
Time of simulation: 432000.0 [s]
Time of simulation: 7200.0 [min]
Initial volume: 4320.0 [ m^3]
Total volume: 4320.000000000068 [m^3]
Time convergence of CG: 0.005218169 [s]
PiezHead	AquifThick	WaterVolume	Source
[m]	[m]	[m^3]	[m^3/s]
401.3427525404905	0.3427525404904941	13.710101619619763	0.0
401.3285180414375	0.32851804143751906	13.140721657500762	0.0
401.33444027361566	0.3344402736156553	13.377610944626213	0.0
401.33573719332986	0.3357371933298623	13.429487733194492	0.0
401.3358810028747	0.33588100287471434	13.435240114988574	0.0
401.33589288606066	0.3358928860606625	13.435715442426499	0.0
401.33589369997634	0.33589369997633867	13.435747999053547	0.0
401.33589369997634	0.33589369997633867	13.435747999053547	0.0
401.33589288606066	0.3358928860606625	13.435715442426499	0.0
401.3358810028747	0.33588100287471434	13.435240114988574	0.0
401.3357371933298	0.33573719332980545	13.429487733192218	0.0
401.33444027361566	0.3344402736156553	13.377610944626213	0.0
401.3285180414375	0.32851804143751906	13.140721657500762	0.0
401.3427525404905	0.3427525404904941	13.710101619619763	0.0
400.72965316840987	1.4596531684098863	58.386126736395454	0.0
400.25921998813965	0.9892199881396664	39.568799525586655	0.0
400.13527446530804	0.8652744653080617	34.61097861232247	0.0
400.1163377818025	0.8463377818025037	33.85351127210015	0.0
400.11423424133324	0.844234241333254	33.76936965333016	0.0
400.11404048617345	0.8440404861734692	33.76161944693877	0.0
400.1140251920097	0.8440251920097239	33.76100768038896	0.0
400.1140251920097	0.8440251920097239	33.76100768038896	0.0
400.1140404861735	0.844040486173526	33.76161944694104	0.0
400.11423424133324	0.844234241333254	33.76936965333016	0.0
400.1163377818025	0.8463377818025037	33.85351127210015	0.0
400.13527446530804	0.8652744653080617	34.61097861232247	0.0
400.25921998813965	0.9892199881396664	39.568799525586655	0.0
400.72965316840987	1.4596531684098863	58.386126736395454	0.0
398.5126360914702	0.9726360914701786	38.905443658807144	0.0
398.5011324951989	0.9611324951988536	38.44529980795414	0.0
398.5108352061905	0.9708352061904861	38.833408247619445	0.0
398.51327947893475	0.9732794789347281	38.931179157389124	0.0
398.51362441322414	0.9736244132241154	38.94497652896462	0.0
398.51366108778194	0.9736610877819203	38.94644351127681	0.0
398.51366108778194	0.9736610877819203	38.94644351127681	0.0
398.51362441322414	0.9736244132241154	38.94497652896462	0.0
398.51327947893475	0.9732794789347281	38.931179157389124	0.0
398.51083520619045	0.9708352061904293	38.83340824761717	0.0
398.5011324951989	0.9611324951988536	38.44529980795414	0.0
398.5126360914702	0.9726360914701786	38.905443658807144	0.0
397.4692397836842	1.6592397836841997	66.36959134736799	0.0
396.94767425835823	1.1376742583582313	45.50697033432925	0.0
396.824148879268	1.0141488792680207	40.56595517072083	0.0
396.8085532899796	0.9985532899796112	39.94213159918445	0.0
396.8068508654475	0.9968508654474704	39.874034617898815	0.0
396.8066792843975	0.9966792843974872	39.86717137589949	0.0
396.80667928439743	0.9966792843974304	39.867171375897215	0.0
396.8068508654475	0.9968508654474704	39.874034617898815	0.0
396.8085532899796	0.9985532899796112	39.94213159918445	0.0
396.824148879268	1.0141488792680207	40.56595517072083	0.0
396.94767425835823	1.1376742583582313	45.50697033432925	0.0
397.4692397836842	1.6592397836841997	66.36959134736799	0.0
395.1055637273153	1.0255637273153297	41.02254909261319	0.0
395.0741235172178	0.9941235172178153	39.76494068871261	0.0
395.07765496500775	0.9976549650077686	39.906198600310745	0.0
395.07936156615295	0.9993615661529702	39.97446264611881	0.0
395.07963012494184	0.9996301249418593	39.98520499767437	0.0
395.07963012494184	0.9996301249418593	39.98520499767437	0.0
395.07936156615295	0.9993615661529702	39.97446264611881	0.0
395.07765496500775	0.9976549650077686	39.906198600310745	0.0
395.0741235172178	0.9941235172178153	39.76494068871261	0.0
395.1055637273153	1.0255637273153297	41.02254909261319	0.0
394.0188111942163	1.668811194216289	66.75244776865156	0.0
393.4924362832338	1.142436283233792	45.69745132935168	0.0
393.3672913069234	1.0172913069233687	40.69165227693475	0.0
393.351482354073	1.001482354073005	40.059294162920196	0.0
393.3500863712531	1.0000863712530759	40.003454850123035	0.0
393.3500863712531	1.0000863712530759	40.003454850123035	0.0
393.351482354073	1.001482354073005	40.059294162920196	0.0
393.3672913069234	1.0172913069233687	40.69165227693475	0.0
393.49243628323376	1.1424362832337351	45.697451329349406	0.0
394.01881119421625	1.6688111942162323	66.75244776864929	0.0
391.6466748032656	1.026674803265621	41.06699213062484	0.0
391.61489582874157	0.9948958287415621	39.795833149662485	0.0
391.618345096711	0.9983450967109775	39.9338038684391	0.0
391.6197406680861	0.9997406680860763	39.98962672344305	0.0
391.6197406680861	0.9997406680860763	39.98962672344305	0.0
391.6183450967109	0.9983450967109206	39.933803868436826	0.0
391.61489582874157	0.9948958287415621	39.795833149662485	0.0
391.64667480326557	1.0266748032655642	41.066992130622566	0.0
390.5589452242425	1.6689452242425205	66.75780896970082	0.0
390.03251009522126	1.1425100952212688	45.70040380885075	0.0
389.90736203177835	1.0173620317783616	40.694481271134464	0.0
389.8916604377693	1.001660437769317	40.06641751077268	0.0
389.8916604377693	1.001660437769317	40.06641751077268	0.0
389.9073620317783	1.0173620317783048	40.69448127113219	0.0
390.03251009522126	1.1425100952212688	45.70040380885075	0.0
390.5589452242425	1.6689452242425205	66.75780896970082	0.0
388.1866892172993	1.0266892172992925	41.0675686919717	0.0
388.15494921588345	0.9949492158834232	39.79796863533693	0.0
388.15846841907415	0.9984684190741291	39.93873676296516	0.0
388.15846841907415	0.9984684190741291	39.93873676296516	0.0
388.15494921588345	0.9949492158834232	39.79796863533693	0.0
388.1866892172993	1.0266892172992925	41.0675686919717	0.0
387.09887270542026	1.668872705420256	66.75490821681024	0.0
386.5726837975363	1.1426837975362787	45.70735190145115	0.0
386.4464825241331	1.016482524133096	40.65930096532384	0.0
386.4464825241331	1.016482524133096	40.65930096532384	0.0
386.5726837975363	1.1426837975362787	45.70735190145115	0.0
387.0988727054203	1.6688727054203127	66.75490821681251	0.0
384.73730685657927	1.0373068565792778	41.49227426317111	0.0
384.69685742940123	0.9968574294012456	39.87429717604982	0.0
384.69685742940123	0.9968574294012456	39.87429717604982	0.0
384.7373068565793	1.0373068565793346	41.492274263173385	0.0
383.8489151462646	1.8789151462645464	75.15660585058185	0.0
383.84198299736136	1.8719829973613287	74.87931989445315	0.0
383.84198299736136	1.8719829973613287	74.87931989445315	0.0
383.84891514626463	1.8789151462646032	75.15660585058413	0.0

