Iteration number: 554 [ ]
Timestep: 360.0 [s]
Time of simulation: 432000.0 [s]
Time of simulation: 7200.0 [min]
Initial volume: 4320.0 [ m^3]
Total volume: 4320.000000000144 [m^3]
Time convergence of CG: 0.005892409 [s]
PiezHead	AquifThick	WaterVolume	Source
[m]	[m]	[m^3]	[m^3/s]
401.3363167469307	0.33631674693072	13.4526698772288	0.0
401.3209823776004	0.3209823776003873	12.839295104015491	0.0
401.32698539725607	0.3269853972560668	13.079415890242672	0.0
401.32833071219113	0.3283307121911321	13.133228487645283	0.0
401.328481830492	0.3284818304920236	13.139273219680945	0.0
401.32849446741176	0.32849446741175825	13.13977869647033	0.0
401.3284953436153	0.32849534361531596	13.139813744612638	0.0
401.3284953436153	0.32849534361531596	13.139813744612638	0.0
401.32849446741176	0.32849446741175825	13.13977869647033	0.0
401.328481830492	0.3284818304920236	13.139273219680945	0.0
401.3283307121911	0.32833071219107524	13.13322848764301	0.0
401.32698539725607	0.3269853972560668	13.079415890242672	0.0
401.3209823776004	0.3209823776003873	12.839295104015491	0.0
401.3363167469307	0.33631674693072	13.4526698772288	0.0
400.73109324217455	1.4610932421745702	58.443729686982806	0.0
400.25844103201104	0.9884410320110533	39.53764128044213	0.0
400.1321950896635	0.862195089663544	34.48780358654176	0.0
400.1126415933956	0.8426415933956264	33.705663735825055	0.0
400.11044221494063	0.8404422149406514	33.617688597626056	0.0
400.11023704117116	0.8402370411711786	33.609481646847144	0.0
400.11022063252426	0.8402206325242787	33.60882530097115	0.0
400.11022063252426	0.8402206325242787	33.60882530097115	0.0
400.1102370411712	0.8402370411712354	33.60948164684942	0.0
400.11044221494063	0.8404422149406514	33.617688597626056	0.0
400.1126415933956	0.8426415933956264	33.705663735825055	0.0
400.1321950896635	0.862195089663544	34.48780358654176	0.0
400.25844103201104	0.9884410320110533	39.53764128044213	0.0
400.73109324217455	1.4610932421745702	58.443729686982806	0.0
398.51254080534767	0.9725408053476485	38.90163221390594	0.0
398.4998611543852	0.9598611543851803	38.39444617540721	0.0
398.50967936186834	0.9696793618683159	38.78717447473264	0.0
398.5122154032963	0.9722154032962749	38.888616131850995	0.0
398.5125795043811	0.9725795043810876	38.903180175243506	0.0
398.5126188102207	0.9726188102206947	38.90475240882779	0.0
398.5126188102207	0.9726188102206947	38.90475240882779	0.0
398.5125795043811	0.9725795043810876	38.903180175243506	0.0
398.5122154032963	0.9722154032962749	38.888616131850995	0.0
398.5096793618683	0.9696793618682591	38.787174474730364	0.0
398.4998611543852	0.9598611543851803	38.39444617540721	0.0
398.51254080534767	0.9725408053476485	38.90163221390594	0.0
397.4754191684946	1.6654191684946227	66.61676673978491	0.0
396.95052299206026	1.140522992060255	45.620919682410204	0.0
396.8245861333482	1.014586133348189	40.58344533392756	0.0
396.8084646443986	0.9984646443986094	39.938585775944375	0.0
396.8066785715429	0.9966785715428728	39.86714286171491	0.0
396.8064961982291	0.9964961982291243	39.85984792916497	0.0
396.80649619822907	0.9964961982290674	39.8598479291627	0.0
396.8066785715429	0.9966785715428728	39.86714286171491	0.0
396.8084646443986	0.9984646443986094	39.938585775944375	0.0
396.8245861333482	1.014586133348189	40.58344533392756	0.0
396.95052299206026	1.140522992060255	45.620919682410204	0.0
397.4754191684946	1.6654191684946227	66.61676673978491	0.0
395.10738678997814	1.0273867899781521	41.095471599126085	0.0
395.0741591535315	0.994159153531541	39.76636614126164	0.0
395.07755869253947	0.997558692539485	39.9023477015794	0.0
395.0793211795178	0.9993211795178354	39.972847180713416	0.0
395.0796038258396	0.9996038258396425	39.9841530335857	0.0
395.0796038258396	0.9996038258396425	39.9841530335857	0.0
395.0793211795178	0.9993211795178354	39.972847180713416	0.0
395.07755869253947	0.997558692539485	39.9023477015794	0.0
395.0741591535315	0.994159153531541	39.76636614126164	0.0
395.10738678997814	1.0273867899781521	41.095471599126085	0.0
394.02549891406954	1.6754989140695216	67.01995656278086	0.0
393.4955592416574	1.145559241657395	45.8223696662958	0.0
393.3679025111506	1.0179025111505666	40.716100446022665	0.0
393.35155124419316	1.0015512441931378	40.06204976772551	0.0
393.3500907286663	1.0000907286662937	40.00362914665175	0.0
393.3500907286663	1.0000907286662937	40.00362914665175	0.0
393.35155124419316	1.0015512441931378	40.06204976772551	0.0
393.3679025111506	1.0179025111505666	40.716100446022665	0.0
393.49555924165736	1.1455592416573381	45.822369666293525	0.0
394.0254989140695	1.6754989140694647	67.01995656277859	0.0
391.6485774084616	1.028577408461615	41.1430963384646	0.0
391.6149853105962	0.9949853105961779	39.799412423847116	0.0
391.61829545552627	0.9982954555262609	39.931818221050435	0.0
391.6197272440025	0.9997272440024858	39.98908976009943	0.0
391.6197272440025	0.9997272440024858	39.98908976009943	0.0
391.6182954555262	0.998295455526204	39.93181822104816	0.0
391.6149853105962	0.9949853105961779	39.799412423847116	0.0
391.64857740846156	1.0285774084615582	41.14309633846233	0.0
390.56564495462567	1.6756449546256817	67.02579818502727	0.0
390.03563955570195	1.1456395557019619	45.825582228078474	0.0
389.90797867179145	1.017978671791468	40.71914687165872	0.0
389.89173990819364	1.001739908193656	40.06959632774624	0.0
389.89173990819364	1.001739908193656	40.06959632774624	0.0
389.9079786717914	1.0179786717914112	40.71914687165645	0.0
390.03563955570195	1.1456395557019619	45.825582228078474	0.0
390.56564495462567	1.6756449546256817	67.02579818502727	0.0
388.1885931594573	1.028593159457273	41.14372637829092	0.0
388.15503896225	0.9950389622499642	39.80155848999857	0.0
388.15841414746	0.9984141474599824	39.936565898399294	0.0
388.15841414746	0.9984141474599824	39.936565898399294	0.0
388.15503896225	0.9950389622499642	39.80155848999857	0.0
388.1885931594573	1.028593159457273	41.14372637829092	0.0
387.1055766252065	1.6755766252064745	67.02306500825898	0.0
386.575889277963	1.145889277962965	45.8355711185186	0.0
386.4472579164419	1.0172579164419062	40.69031665767625	0.0
386.4472579164419	1.0172579164419062	40.69031665767625	0.0
386.57588927796303	1.1458892779630219	45.835571118520875	0.0
387.10557662520654	1.6755766252065314	67.02306500826126	0.0
384.74013760869786	1.0401376086978757	41.60550434791503	0.0
384.69849292972236	0.9984929297223744	39.939717188894974	0.0
384.69849292972236	0.9984929297223744	39.939717188894974	0.0
384.7401376086979	1.0401376086979326	41.605504347917304	0.0
383.86080104263056	1.8908010426305282	75.63204170522113	0.0
383.8535570711785	1.8835570711784726	75.3422828471389	0.0
383.8535570711785	1.8835570711784726	75.3422828471389	0.0
383.8608010426306	1.890801042630585	75.6320417052234	0.0

