Iteration number: 816 [ ]
Timestep: 360.0 [s]
Time of simulation: 432000.0 [s]
Time of simulation: 7200.0 [min]
Initial volume: 4320.0 [ m^3]
Total volume: 4320.000000000097 [m^3]
Time convergence of CG: 0.005919006 [s]
PiezHead	AquifThick	WaterVolume	Source
[m]	[m]	[m^3]	[m^3/s]
401.15980866364606	0.15980866364606072	6.392346545842429	0.0
401.1019317751617	0.10193177516168817	4.077271006467527	0.0
401.1098754670141	0.10987546701409201	4.39501868056368	0.0
401.1134864268721	0.11348642687210031	4.539457074884012	0.0
401.1140496442475	0.11404964424747277	4.561985769898911	0.0
401.1141136164813	0.11411361648129059	4.564544659251624	0.0
401.11411974415506	0.11411974415506165	4.564789766202466	0.0
401.11411974415506	0.11411974415506165	4.564789766202466	0.0
401.1141136164813	0.11411361648129059	4.564544659251624	0.0
401.1140496442475	0.11404964424747277	4.561985769898911	0.0
401.11348642687204	0.11348642687204347	4.539457074881739	0.0
401.1098754670141	0.10987546701409201	4.39501868056368	0.0
401.1019317751617	0.10193177516168817	4.077271006467527	0.0
401.15980866364606	0.15980866364606072	6.392346545842429	0.0
400.73326978069326	1.463269780693281	58.53079122773124	0.0
400.21746946291853	0.9474694629185478	37.89877851674191	0.0
400.02595882018136	0.7559588201813767	30.23835280725507	0.0
399.98363933466425	0.7136393346642649	28.545573386570595	0.0
399.9770803883075	0.7070803883075314	28.283215532301256	0.0
399.97623443814365	0.7062344381436674	28.249377525746695	0.0
399.9761397730661	0.706139773066127	28.24559092264508	0.0
399.97613977306617	0.7061397730661838	28.245590922647352	0.0
399.97623443814365	0.7062344381436674	28.249377525746695	0.0
399.9770803883075	0.7070803883075314	28.283215532301256	0.0
399.9836393346643	0.7136393346643217	28.54557338657287	0.0
400.02595882018136	0.7559588201813767	30.23835280725507	0.0
400.21746946291853	0.9474694629185478	37.89877851674191	0.0
400.73326978069326	1.463269780693281	58.53079122773124	0.0
398.51067997834565	0.970679978345629	38.82719913382516	0.0
398.45065646314134	0.9106564631413221	36.426258525652884	0.0
398.4586056125098	0.9186056125097934	36.74422450039174	0.0
398.46432444531524	0.9243244453152215	36.97297781260886	0.0
398.46569048994155	0.9256904899415304	37.027619597661214	0.0
398.4659130488561	0.9259130488561027	37.03652195424411	0.0
398.4659130488561	0.9259130488561027	37.03652195424411	0.0
398.4656904899415	0.9256904899414735	37.02761959765894	0.0
398.4643244453152	0.9243244453151647	36.97297781260659	0.0
398.45860561250976	0.9186056125097366	36.744224500389464	0.0
398.45065646314123	0.9106564631412084	36.426258525648336	0.0
398.51067997834565	0.970679978345629	38.82719913382516	0.0
397.63306823668853	1.8230682366885276	72.9227294675411	0.0
397.03538331081495	1.225383310814948	49.015332432597916	0.0
396.83950108329304	1.0295010832930416	41.18004333172166	0.0
396.80293514742	0.9929351474199848	39.71740589679939	0.0
396.7967758195126	0.9867758195126157	39.47103278050463	0.0
396.7959037515125	0.9859037515125237	39.43615006050095	0.0
396.79590375151247	0.9859037515124669	39.436150060498676	0.0
396.7967758195126	0.9867758195126157	39.47103278050463	0.0
396.80293514742	0.9929351474199848	39.71740589679939	0.0
396.839501083293	1.0295010832929847	41.18004333171939	0.0
397.03538331081495	1.225383310814948	49.015332432597916	0.0
397.63306823668853	1.8230682366885276	72.9227294675411	0.0
395.18211063788914	1.1021106378891545	44.08442551556618	0.0
395.08196109859784	1.0019610985978602	40.07844394391441	0.0
395.0733017097728	0.9933017097728225	39.7320683909129	0.0
395.07666316825095	0.9966631682509615	39.86652673003846	0.0
395.07762494257423	0.997624942574248	39.90499770296992	0.0
395.07762494257423	0.997624942574248	39.90499770296992	0.0
395.07666316825095	0.9966631682509615	39.86652673003846	0.0
395.0733017097728	0.9933017097728225	39.7320683909129	0.0
395.08196109859784	1.0019610985978602	40.07844394391441	0.0
395.18211063788914	1.1021106378891545	44.08442551556618	0.0
394.2100682763519	1.8600682763518535	74.40273105407414	0.0
393.59637120203155	1.2463712020315256	49.854848081261025	0.0
393.3929737016683	1.042973701668302	41.71894806673208	0.0
393.3549316443007	1.0049316443006546	40.197265772026185	0.0
393.3502777303051	1.000277730305072	40.01110921220288	0.0
393.3502777303051	1.000277730305072	40.01110921220288	0.0
393.3549316443007	1.0049316443006546	40.197265772026185	0.0
393.39297370166827	1.0429737016682452	41.71894806672981	0.0
393.59637120203143	1.246371202031412	49.85484808125648	0.0
394.2100682763518	1.8600682763517966	74.40273105407186	0.0
391.7290975692208	1.1090975692208076	44.363902768832304	0.0
391.62675458803875	1.0067545880387456	40.270183521549825	0.0
391.6173205795947	0.9973205795947138	39.89282318378855	0.0
391.61909193972053	0.9990919397205289	39.963677588821156	0.0
391.6190919397205	0.999091939720472	39.96367758881888	0.0
391.61732057959466	0.9973205795946569	39.89282318378628	0.0
391.6267545880387	1.0067545880386888	40.27018352154755	0.0
391.7290975692208	1.1090975692208076	44.363902768832304	0.0
390.7513996636327	1.8613996636327101	74.4559865453084	0.0
390.1371108522425	1.2471108522424856	49.884434089699425	0.0
389.93351421656064	1.0435142165606521	41.740568662426085	0.0
389.89578788270836	1.0057878827083755	40.23151530833502	0.0
389.89578788270836	1.0057878827083755	40.23151530833502	0.0
389.9335142165606	1.0435142165605953	41.74056866242381	0.0
390.1371108522425	1.2471108522424856	49.884434089699425	0.0
390.7513996636327	1.8613996636327101	74.4559865453084	0.0
388.26932517104177	1.1093251710417462	44.37300684166985	0.0
388.1667422378292	1.0067422378292008	40.26968951316803	0.0
388.1568224730487	0.9968224730486668	39.87289892194667	0.0
388.15682247304875	0.9968224730487236	39.872898921948945	0.0
388.16674223782917	1.006742237829144	40.26968951316576	0.0
388.26932517104177	1.1093251710417462	44.37300684166985	0.0
387.29241490949596	1.8624149094959535	74.49659637983814	0.0
386.6843425377789	1.2543425377788822	50.173701511155286	0.0
386.48272162333694	1.0527216233369359	42.108864933477435	0.0
386.48272162333694	1.0527216233369359	42.108864933477435	0.0
386.6843425377789	1.2543425377788822	50.173701511155286	0.0
387.292414909496	1.8624149094960103	74.49659637984041	0.0
384.87384774469433	1.173847744694342	46.95390978777368	0.0
384.79677432263816	1.0967743226381685	43.87097290552674	0.0
384.79677432263816	1.0967743226381685	43.87097290552674	0.0
384.8738477446944	1.173847744694399	46.953909787775956	0.0
384.22183913904456	2.2518391390445345	90.07356556178138	0.0
384.20219371472785	2.2321937147278277	89.28774858911311	0.0
384.20219371472785	2.2321937147278277	89.28774858911311	0.0
384.2218391390446	2.2518391390445913	90.07356556178365	0.0

