Iteration number: 894 [ ]
Timestep: 360.0 [s]
Time of simulation: 432000.0 [s]
Time of simulation: 7200.0 [min]
Initial volume: 4320.0 [ m^3]
Total volume: 4320.000000000076 [m^3]
Time convergence of CG: 0.007144598 [s]
PiezHead	AquifThick	WaterVolume	Source
[m]	[m]	[m^3]	[m^3/s]
401.1172114769902	0.1172114769901782	4.688459079607128	0.0
401.04562228780793	0.045622287807930206	1.8248915123172083	0.0
401.0541768914179	0.054176891417910156	2.1670756567164062	0.0
401.05880276037794	0.05880276037794374	2.3521104151177497	0.0
401.059575798887	0.05957579888701048	2.383031955480419	0.0
401.05966982155417	0.05966982155416645	2.386792862166658	0.0
401.0596795335083	0.059679533508301574	2.387181340332063	0.0
401.05967953350824	0.05967953350824473	2.3871813403297892	0.0
401.05966982155417	0.05966982155416645	2.386792862166658	0.0
401.059575798887	0.05957579888701048	2.383031955480419	0.0
401.0588027603779	0.0588027603778869	2.352110415115476	0.0
401.0541768914179	0.054176891417910156	2.1670756567164062	0.0
401.04562228780793	0.045622287807930206	1.8248915123172083	0.0
401.1172114769902	0.1172114769901782	4.688459079607128	0.0
400.7220524036934	1.4520524036934148	58.08209614773659	0.0
400.1988614768905	0.9288614768905177	37.15445907562071	0.0
399.99307574298257	0.7230757429825871	28.923029719303486	0.0
399.9436684640532	0.6736684640532076	26.946738562128303	0.0
399.9354240322579	0.6654240322579312	26.61696129031725	0.0
399.9342805992209	0.6642805992209446	26.571223968837785	0.0
399.9341425789982	0.6641425789982236	26.565703159928944	0.0
399.9341425789982	0.6641425789982236	26.565703159928944	0.0
399.9342805992209	0.6642805992209446	26.571223968837785	0.0
399.9354240322579	0.6654240322579312	26.61696129031725	0.0
399.9436684640532	0.6736684640532076	26.946738562128303	0.0
399.99307574298257	0.7230757429825871	28.923029719303486	0.0
400.1988614768905	0.9288614768905177	37.15445907562071	0.0
400.7220524036934	1.4520524036934148	58.08209614773659	0.0
398.5105763782564	0.9705763782563963	38.82305513025585	0.0
398.4338980428706	0.8938980428706031	35.755921714824126	0.0
398.4388598115457	0.8988598115456625	35.9543924618265	0.0
398.4453842360739	0.9053842360738713	36.21536944295485	0.0
398.44718041958697	0.9071804195869504	36.287216783478016	0.0
398.4475037951938	0.9075037951938043	36.30015180775217	0.0
398.4475037951938	0.9075037951938043	36.30015180775217	0.0
398.4471804195869	0.9071804195868935	36.28721678347574	0.0
398.44538423607383	0.9053842360738145	36.21536944295258	0.0
398.4388598115456	0.8988598115456057	35.95439246182423	0.0
398.4338980428705	0.8938980428704895	35.75592171481958	0.0
398.51057637825636	0.9705763782563395	38.82305513025358	0.0
397.66615181998856	1.856151819988554	74.24607279954216	0.0
397.0561675962369	1.2461675962368872	49.84670384947549	0.0
396.84347921619633	1.0334792161963264	41.33916864785306	0.0
396.79996148592295	0.9899614859229473	39.59845943691789	0.0
396.791913893038	0.9819138930379836	39.276555721519344	0.0
396.79068048586896	0.9806804858689588	39.227219434758354	0.0
396.7906804858689	0.980680485868902	39.22721943475608	0.0
396.791913893038	0.9819138930379836	39.276555721519344	0.0
396.79996148592295	0.9899614859229473	39.59845943691789	0.0
396.8434792161963	1.0334792161962696	41.339168647850784	0.0
397.0561675962369	1.2461675962368872	49.84670384947549	0.0
397.66615181998856	1.856151819988554	74.24607279954216	0.0
395.20701108261085	1.1270110826108635	45.08044330443454	0.0
395.0866507163084	1.0066507163083998	40.26602865233599	0.0
395.07168539074337	0.9916853907433847	39.66741562973539	0.0
395.07520146332	0.9952014633200292	39.80805853280117	0.0
395.07642459988904	0.9964245998890533	39.85698399556213	0.0
395.07642459988904	0.9964245998890533	39.85698399556213	0.0
395.07520146332	0.9952014633200292	39.80805853280117	0.0
395.07168539074337	0.9916853907433847	39.66741562973539	0.0
395.0866507163083	1.006650716308343	40.266028652333716	0.0
395.20701108261085	1.1270110826108635	45.08044330443454	0.0
394.2549108898174	1.9049108898173586	76.19643559269434	0.0
393.6248374331235	1.27483743312348	50.9934973249392	0.0
393.4019925914874	1.0519925914873625	42.0797036594945	0.0
393.35636591507426	1.006365915074241	40.25463660296964	0.0
393.35033178012327	1.000331780123247	40.01327120492988	0.0
393.35033178012327	1.000331780123247	40.01327120492988	0.0
393.35636591507426	1.006365915074241	40.25463660296964	0.0
393.40199259148727	1.0519925914872488	42.07970365948995	0.0
393.6248374331234	1.2748374331233663	50.99349732493465	0.0
394.2549108898173	1.9049108898173017	76.19643559269207	0.0
391.75733126032065	1.13733126032065	45.493250412826	0.0
391.63379864403674	1.01379864403674	40.5519457614696	0.0
391.61750536777197	0.9975053677719643	39.90021471087857	0.0
391.61884847402644	0.9988484740264312	39.95393896105725	0.0
391.6188484740264	0.9988484740263743	39.95393896105497	0.0
391.6175053677719	0.9975053677719075	39.9002147108763	0.0
391.6337986440367	1.013798644036683	40.55194576146732	0.0
391.7573312603206	1.1373312603205932	45.49325041282373	0.0
390.79709115099575	1.9070911509957682	76.28364603983073	0.0
390.16606891649667	1.2760689164966834	51.04275665986734	0.0
389.9428489361735	1.0528489361735183	42.11395744694073	0.0
389.8975968630335	1.007596863033541	40.30387452134164	0.0
389.8975968630335	1.007596863033541	40.30387452134164	0.0
389.94284893617345	1.0528489361734614	42.11395744693846	0.0
390.16606891649667	1.2760689164966834	51.04275665986734	0.0
390.79709115099575	1.9070911509957682	76.28364603983073	0.0
388.29776506443505	1.1377650644350297	45.51060257740119	0.0
388.17378461745255	1.0137846174525293	40.551384698101174	0.0
388.1567752812918	0.9967752812917752	39.87101125167101	0.0
388.15677528129186	0.996775281291832	39.87101125167328	0.0
388.17378461745255	1.0137846174525293	40.551384698101174	0.0
388.29776506443505	1.1377650644350297	45.51060257740119	0.0
387.3390143987844	1.909014398784393	76.36057595137572	0.0
386.71725319143286	1.2872531914328533	51.49012765731413	0.0
386.49450403694414	1.064504036944129	42.58016147776516	0.0
386.49450403694414	1.064504036944129	42.58016147776516	0.0
386.71725319143286	1.2872531914328533	51.49012765731413	0.0
387.33901439878446	1.90901439878445	76.360575951378	0.0
384.92629519261203	1.2262951926120422	49.05180770448169	0.0
384.8435460899816	1.1435460899816121	45.741843599264485	0.0
384.8435460899816	1.1435460899816121	45.741843599264485	0.0
384.92629519261214	1.226295192612156	49.05180770448624	0.0
384.319811883494	2.3498118834939987	93.99247533975995	0.0
384.29674771880116	2.32674771880113	93.0699087520452	0.0
384.29674771880116	2.32674771880113	93.0699087520452	0.0
384.3198118834941	2.3498118834940556	93.99247533976222	0.0

