Iteration number: 905 [ ]
Timestep: 360.0 [s]
Time of simulation: 432000.0 [s]
Time of simulation: 7200.0 [min]
Initial volume: 4320.0 [ m^3]
Total volume: 4320.000000000087 [m^3]
Time convergence of CG: 0.005417874 [s]
PiezHead	AquifThick	WaterVolume	Source
[m]	[m]	[m^3]	[m^3/s]
401.1114821812126	0.11148218121257969	4.459287248503188	0.0
401.0379574811304	0.03795748113037689	1.5182992452150756	0.0
401.0466129041104	0.046612904110418185	1.8645161644167274	0.0
401.051398179412	0.051398179411989986	2.0559271764795994	0.0
401.0522049869529	0.05220498695291553	2.0881994781166213	0.0
401.05230400922005	0.05230400922005174	2.0921603688020696	0.0
401.0523143413247	0.052314341324688485	2.0925736529875394	0.0
401.05231434132463	0.05231434132463164	2.0925736529852657	0.0
401.05230400922005	0.05230400922005174	2.0921603688020696	0.0
401.0522049869529	0.05220498695291553	2.0881994781166213	0.0
401.05139817941193	0.05139817941193314	2.0559271764773257	0.0
401.0466129041104	0.046612904110418185	1.8645161644167274	0.0
401.0379574811304	0.03795748113037689	1.5182992452150756	0.0
401.1114821812126	0.11148218121257969	4.459287248503188	0.0
400.7201751511676	1.4501751511676275	58.0070060467051	0.0
400.19603083402137	0.9260308340213896	37.041233360855585	0.0
399.98841015725037	0.7184101572503891	28.736406290015566	0.0
399.9380138832643	0.6680138832643365	26.72055533057346	0.0
399.9295207382506	0.6595207382505919	26.380829530023675	0.0
399.92833137847975	0.6583313784797724	26.333255139190896	0.0
399.9281863622524	0.6581863622524224	26.327454490096898	0.0
399.9281863622524	0.6581863622524224	26.327454490096898	0.0
399.92833137847975	0.6583313784797724	26.333255139190896	0.0
399.9295207382506	0.6595207382505919	26.380829530023675	0.0
399.9380138832643	0.6680138832643365	26.72055533057346	0.0
399.98841015725037	0.7184101572503891	28.736406290015566	0.0
400.19603083402137	0.9260308340213896	37.041233360855585	0.0
400.7201751511676	1.4501751511676275	58.0070060467051	0.0
398.51054433587814	0.9705443358781167	38.82177343512467	0.0
398.4314798371594	0.891479837159352	35.65919348637408	0.0
398.43592738482	0.89592738481997	35.8370953927988	0.0
398.4425534167222	0.9025534167221849	36.1021366688874	0.0
398.4444142043319	0.9044142043318857	36.17656817327543	0.0
398.44475378142056	0.9047537814205384	36.19015125682154	0.0
398.44475378142056	0.9047537814205384	36.19015125682154	0.0
398.44441420433185	0.9044142043318288	36.176568173273154	0.0
398.44255341672215	0.9025534167221281	36.10213666888512	0.0
398.43592738481993	0.8959273848199132	35.83709539279653	0.0
398.43147983715926	0.8914798371592383	35.65919348636953	0.0
398.5105443358781	0.9705443358780599	38.821773435122395	0.0
397.6704059767273	1.860405976727293	74.41623906909172	0.0
397.0589104750059	1.2489104750059141	49.956419000236565	0.0
396.84399953782537	1.0339995378253661	41.359981513014645	0.0
396.799477631018	0.9894776310180191	39.579105240720764	0.0
396.7911472162209	0.9811472162209043	39.24588864883617	0.0
396.78985656072405	0.9798565607240448	39.19426242896179	0.0
396.789856560724	0.979856560723988	39.19426242895952	0.0
396.7911472162209	0.9811472162209043	39.24588864883617	0.0
396.799477631018	0.9894776310180191	39.579105240720764	0.0
396.8439995378253	1.0339995378253093	41.35998151301237	0.0
397.0589104750059	1.2489104750059141	49.956419000236565	0.0
397.6704059767273	1.860405976727293	74.41623906909172	0.0
395.2105250574551	1.1305250574550882	45.22100229820353	0.0
395.08738276390227	1.0073827639022852	40.29531055609141	0.0
395.0714485470351	0.9914485470351337	39.65794188140535	0.0
395.0749643191224	0.9949643191224027	39.79857276489611	0.0
395.07622497967327	0.9962249796732863	39.84899918693145	0.0
395.07622497967327	0.9962249796732863	39.84899918693145	0.0
395.0749643191224	0.9949643191224027	39.79857276489611	0.0
395.0714485470351	0.9914485470351337	39.65794188140535	0.0
395.0873827639022	1.0073827639022284	40.295310556089134	0.0
395.2105250574551	1.1305250574550882	45.22100229820353	0.0
394.26094487920415	1.9109448792041235	76.43779516816494	0.0
393.6287752417796	1.278775241779556	51.15100967118224	0.0
393.4033090554274	1.0533090554274054	42.132362217096215	0.0
393.3565834510125	1.0065834510124887	40.26333804049955	0.0
393.3503383294776	1.0003383294775858	40.01353317910343	0.0
393.3503383294776	1.0003383294775858	40.01353317910343	0.0
393.3565834510125	1.0065834510124887	40.26333804049955	0.0
393.4033090554273	1.0533090554272917	42.13236221709167	0.0
393.62877524177946	1.2787752417794422	51.15100967117769	0.0
394.2609448792041	1.9109448792040666	76.43779516816267	0.0
391.7613876788896	1.1413876788896005	45.65550715558402	0.0
391.6349188607747	1.014918860774685	40.5967544309874	0.0
391.61755645116034	0.9975564511603352	39.90225804641341	0.0
391.61881301200634	0.9988130120063374	39.9525204802535	0.0
391.6188130120063	0.9988130120062806	39.95252048025122	0.0
391.6175564511603	0.9975564511602784	39.902258046411134	0.0
391.63491886077463	1.0149188607746282	40.59675443098513	0.0
391.76138767888955	1.1413876788895436	45.655507155581745	0.0
390.8032716645942	1.9132716645942196	76.53086658376878	0.0
390.1700929177435	1.2800929177435023	51.20371670974009	0.0
389.94421959845766	1.0542195984576779	42.168783938307115	0.0
389.89787667327937	1.0078766732793838	40.31506693117535	0.0
389.89787667327937	1.0078766732793838	40.31506693117535	0.0
389.9442195984576	1.054219598457621	42.16878393830484	0.0
390.1700929177435	1.2800929177435023	51.20371670974009	0.0
390.8032716645942	1.9132716645942196	76.53086658376878	0.0
388.30186003974694	1.1418600397469163	45.67440158987665	0.0
388.1749088940299	1.0149088940298725	40.5963557611949	0.0
388.156799701501	0.9967997015009473	39.87198806003789	0.0
388.15679970150103	0.9967997015010042	39.87198806004017	0.0
388.1749088940299	1.0149088940298725	40.5963557611949	0.0
388.30186003974694	1.1418600397469163	45.67440158987665	0.0
387.3453520758297	1.9153520758296736	76.61408303318694	0.0
386.72190331932023	1.2919033193202267	51.67613277280907	0.0
386.4961792961083	1.0661792961083165	42.64717184433266	0.0
386.4961792961083	1.0661792961083165	42.64717184433266	0.0
386.72190331932023	1.2919033193202267	51.67613277280907	0.0
387.34535207582974	1.9153520758297304	76.61408303318922	0.0
384.93405142318375	1.2340514231837574	49.362056927350295	0.0
384.85071479358254	1.1507147935825515	46.02859174330206	0.0
384.85071479358254	1.1507147935825515	46.02859174330206	0.0
384.93405142318386	1.234051423183871	49.36205692735484	0.0
384.3333402735891	2.363340273589074	94.53361094356296	0.0
384.309843756212	2.3398437562119625	93.5937502484785	0.0
384.309843756212	2.3398437562119625	93.5937502484785	0.0
384.33334027358916	2.363340273589131	94.53361094356524	0.0

