Iteration number: 973 [ ]
Timestep: 360.0 [s]
Time of simulation: 432000.0 [s]
Time of simulation: 7200.0 [min]
Initial volume: 4320.0 [ m^3]
Total volume: 4320.000000000038 [m^3]
Time convergence of CG: 0.010406963 [s]
PiezHead	AquifThick	WaterVolume	Source
[m]	[m]	[m^3]	[m^3/s]
401.0767764708527	0.07677647085267836	3.0710588341071343	0.0
400.2435023866132	0.0	-0.0	0.0
401.0013248896959	0.001324889695922593	0.052995587836903724	0.0
401.00723980992444	0.0072398099244423975	0.2895923969776959	0.0
401.00828090690266	0.00828090690265526	0.3312362761062104	0.0
401.00841565615923	0.008415656159229457	0.33662624636917826	0.0
401.0084305812488	0.00843058124877416	0.3372232499509664	0.0
401.0084305812487	0.008430581248717317	0.3372232499486927	0.0
401.00841565615923	0.008415656159229457	0.33662624636917826	0.0
401.00828090690266	0.00828090690265526	0.3312362761062104	0.0
401.0072398099244	0.007239809924385554	0.28959239697542216	0.0
401.0013248896959	0.001324889695922593	0.052995587836903724	0.0
400.2435023866132	0.0	-0.0	0.0
401.0767764708527	0.07677647085267836	3.0710588341071343	0.0
400.70714119381785	1.4371411938178653	57.48564775271461	0.0
400.17036006013615	0.9003600601361654	36.01440240544662	0.0
399.95940069655813	0.6894006965581525	27.5760278623261	0.0
399.9030301100316	0.6330301100315978	25.321204401263913	0.0
399.8929476376174	0.6229476376174148	24.91790550469659	0.0
399.8914529213444	0.621452921344428	24.85811685377712	0.0
399.8912595318109	0.6212595318108924	24.850381272435698	0.0
399.8912595318109	0.6212595318108924	24.850381272435698	0.0
399.8914529213444	0.621452921344428	24.85811685377712	0.0
399.8929476376174	0.6229476376174148	24.91790550469659	0.0
399.9030301100316	0.6330301100315978	25.321204401263913	0.0
399.95940069655813	0.6894006965581525	27.5760278623261	0.0
400.17036006013615	0.9003600601361654	36.01440240544662	0.0
400.70714119381785	1.4371411938178653	57.48564775271461	0.0
398.51010022827097	0.970100228270951	38.80400913083804	0.0
398.41626597139924	0.8762659713992207	35.05063885596883	0.0
398.41704316594826	0.877043165948237	35.08172663792948	0.0
398.424219779452	0.8842197794519961	35.368791178079846	0.0
398.4264982456389	0.8864982456389043	35.45992982555617	0.0
398.42694916805726	0.8869491680572423	35.47796672228969	0.0
398.42694916805726	0.8869491680572423	35.47796672228969	0.0
398.42649824563887	0.8864982456388475	35.4599298255539	0.0
398.42421977945196	0.8842197794519393	35.36879117807757	0.0
398.41704316594826	0.877043165948237	35.08172663792948	0.0
398.4162659713992	0.8762659713991638	35.050638855966554	0.0
398.5101002282709	0.9701002282708941	38.804009130835766	0.0
397.69464360201624	1.88464360201624	75.3857440806496	0.0
397.0748291182206	1.2648291182205753	50.59316472882301	0.0
396.84694415946984	1.03694415946984	41.4777663787936	0.0
396.7961053538848	0.9861053538847955	39.44421415539182	0.0
396.785942580409	0.9759425804090256	39.037703216361024	0.0
396.7842638779664	0.9742638779663935	38.97055511865574	0.0
396.78426387796634	0.9742638779663366	38.970555118653465	0.0
396.785942580409	0.9759425804090256	39.037703216361024	0.0
396.79610535388474	0.9861053538847386	39.444214155389545	0.0
396.84694415946973	1.0369441594697264	41.477766378789056	0.0
397.0748291182206	1.2648291182205753	50.59316472882301	0.0
397.69464360201624	1.88464360201624	75.3857440806496	0.0
395.2320840168321	1.1520840168321342	46.08336067328537	0.0
395.09223079367945	1.0122307936794641	40.489231747178565	0.0
395.0699318551175	0.9899318551175043	39.59727420470017	0.0
395.07331300536583	0.9933130053658488	39.73252021463395	0.0
395.07480437348414	0.9948043734841576	39.792174939366305	0.0
395.07480437348414	0.9948043734841576	39.792174939366305	0.0
395.07331300536583	0.9933130053658488	39.73252021463395	0.0
395.0699318551175	0.9899318551175043	39.59727420470017	0.0
395.0922307936794	1.0122307936794073	40.48923174717629	0.0
395.2320840168321	1.1520840168321342	46.08336067328537	0.0
394.2967996786242	1.9467996786241883	77.87198714496753	0.0
393.6526795270558	1.3026795270557727	52.10718108223091	0.0
393.41166100263933	1.0616610026393118	42.466440105572474	0.0
393.3580086813478	1.0080086813478033	40.32034725391213	0.0
393.35036946096625	1.0003694609662261	40.014778438649046	0.0
393.35036946096625	1.0003694609662261	40.014778438649046	0.0
393.3580086813478	1.0080086813478033	40.32034725391213	0.0
393.4116610026392	1.0616610026391982	42.466440105567926	0.0
393.6526795270557	1.302679527055659	52.10718108222636	0.0
394.29679967862415	1.9467996786241315	77.87198714496526	0.0
391.7867188292239	1.1667188292238961	46.668753168955845	0.0
391.642503473692	1.0225034736919838	40.90013894767935	0.0
391.6180231247775	0.9980231247774896	39.92092499109958	0.0
391.61858968491384	0.9985896849138385	39.94358739655354	0.0
391.6185896849138	0.9985896849137816	39.943587396551266	0.0
391.61802312477744	0.9980231247774327	39.92092499109731	0.0
391.64250347369193	1.022503473691927	40.90013894767708	0.0
391.7867188292238	1.1667188292237824	46.6687531689513	0.0
390.8402017858945	1.950201785894535	78.0080714357814	0.0
390.19463959016787	1.3046395901678807	52.18558360671523	0.0
389.9529691960164	1.062969196016411	42.51876784065644	0.0
389.8997480118384	1.0097480118384397	40.389920473537586	0.0
389.8997480118384	1.0097480118384397	40.389920473537586	0.0
389.95296919601634	1.062969196016354	42.518767840654164	0.0
390.19463959016787	1.3046395901678807	52.18558360671523	0.0
390.8402017858945	1.950201785894535	78.0080714357814	0.0
388.32749507266016	1.167495072660131	46.69980290640524	0.0
388.1825556243028	1.022555624302754	40.90222497211016	0.0
388.15715244175084	0.9971524417508135	39.88609767003254	0.0
388.1571524417509	0.9971524417508704	39.886097670034815	0.0
388.1825556243028	1.022555624302754	40.90222497211016	0.0
388.32749507266016	1.167495072660131	46.69980290640524	0.0
387.38342802886086	1.9534280288608556	78.13712115443423	0.0
386.75069271516253	1.3206927151625223	52.82770860650089	0.0
386.50664804261487	1.0766480426148632	43.06592170459453	0.0
386.50664804261487	1.0766480426148632	43.06592170459453	0.0
386.75069271516253	1.3206927151625223	52.82770860650089	0.0
387.3834280288609	1.9534280288609125	78.1371211544365	0.0
384.983724096228	1.2837240962280134	51.34896384912054	0.0
384.8978557221788	1.197855722178815	47.9142288871526	0.0
384.8978557221788	1.197855722178815	47.9142288871526	0.0
384.9837240962281	1.283724096228127	51.348963849125084	0.0
384.41557381970676	2.4455738197067376	97.8229527882695	0.0
384.38973262806496	2.419732628064935	96.7893051225974	0.0
384.38973262806496	2.419732628064935	96.7893051225974	0.0
384.4155738197068	2.4455738197067944	97.82295278827178	0.0

