Iteration number: 1053 [ ]
Timestep: 360.0 [s]
Time of simulation: 432000.0 [s]
Time of simulation: 7200.0 [min]
Initial volume: 4320.0 [ m^3]
Total volume: 4320.000000000016 [m^3]
Time convergence of CG: 0.025395641 [s]
PiezHead	AquifThick	WaterVolume	Source
[m]	[m]	[m^3]	[m^3/s]
401.0364053440334	0.03640534403342599	1.4562137613370396	0.0
400.1437417995494	0.0	-0.0	0.0
399.8775274358724	0.0	-0.0	0.0
399.8214137727488	0.0	-0.0	0.0
399.8109771909197	0.0	-0.0	0.0
399.8093091803108	0.0	-0.0	0.0
399.8090755107094	0.0	-0.0	0.0
399.80907551070936	0.0	-0.0	0.0
399.8093091803107	0.0	-0.0	0.0
399.8109771909197	0.0	-0.0	0.0
399.8214137727488	0.0	-0.0	0.0
399.8775274358724	0.0	-0.0	0.0
400.1437417995494	0.0	-0.0	0.0
401.0364053440334	0.03640534403342599	1.4562137613370396	0.0
400.68639044319576	1.4163904431957803	56.65561772783121	0.0
400.1043186798067	0.8343186798066995	33.37274719226798	0.0
399.8775274358724	0.6075274358724414	24.301097434897656	0.0
399.8214137727488	0.5514137727488446	22.056550909953785	0.0
399.81097719091963	0.5409771909196479	21.639087636785916	0.0
399.8093091803108	0.539309180310795	21.5723672124318	0.0
399.8090755107094	0.5390755107094378	21.563020428377513	0.0
399.80907551070936	0.539075510709381	21.56302042837524	0.0
399.8093091803107	0.5393091803107382	21.572367212429526	0.0
399.81097719091963	0.5409771909196479	21.639087636785916	0.0
399.8214137727488	0.5514137727488446	22.056550909953785	0.0
399.8775274358724	0.6075274358724414	24.301097434897656	0.0
400.1043186798067	0.8343186798066995	33.37274719226798	0.0
400.68639044319576	1.4163904431957803	56.65561772783121	0.0
398.5070251494431	0.9670251494430886	38.681005977723544	0.0
398.39635835974326	0.8563583597432398	34.25433438972959	0.0
398.3921712664292	0.8521712664291954	34.086850657167815	0.0
398.3998748934071	0.8598748934070954	34.39499573628382	0.0
398.4026855519258	0.8626855519257788	34.50742207703115	0.0
398.40329297020673	0.8632929702067145	34.53171880826858	0.0
398.40329297020673	0.8632929702067145	34.53171880826858	0.0
398.40268555192574	0.8626855519257219	34.50742207702888	0.0
398.39987489340706	0.8598748934070386	34.394995736281544	0.0
398.3921712664292	0.8521712664291954	34.086850657167815	0.0
398.39635835974326	0.8563583597432398	34.25433438972959	0.0
398.50702514944305	0.9670251494430318	38.68100597772127	0.0
397.718896234398	1.9088962343980143	76.35584937592057	0.0
397.09124866486343	1.2812486648634263	51.24994659453705	0.0
396.8496911707105	1.0396911707105119	41.587646828420475	0.0
396.7912222664988	0.9812222664987758	39.24889065995103	0.0
396.7787351418416	0.9687351418415915	38.74940567366366	0.0
396.77652669263983	0.9665266926398317	38.66106770559327	0.0
396.7765266926398	0.9665266926397749	38.661067705590995	0.0
396.7787351418416	0.9687351418415915	38.74940567366366	0.0
396.7912222664987	0.9812222664987189	39.248890659948756	0.0
396.84969117071046	1.039691170710455	41.5876468284182	0.0
397.09124866486343	1.2812486648634263	51.24994659453705	0.0
397.718896234398	1.9088962343980143	76.35584937592057	0.0
395.2567633920628	1.17676339206281	47.0705356825124	0.0
395.0984840490225	1.0184840490225042	40.73936196090017	0.0
395.0680158470126	0.9880158470126048	39.52063388050419	0.0
395.07092718660294	0.9909271866029599	39.637087464118395	0.0
395.0726764087521	0.9926764087521178	39.70705635008471	0.0
395.0726764087521	0.9926764087521178	39.70705635008471	0.0
395.07092718660294	0.9909271866029599	39.637087464118395	0.0
395.0680158470126	0.9880158470126048	39.52063388050419	0.0
395.0984840490224	1.0184840490223905	40.73936196089562	0.0
395.2567633920628	1.17676339206281	47.0705356825124	0.0
394.33605689450854	1.986056894508522	79.44227578034088	0.0
393.679812020115	1.3298120201149572	53.19248080459829	0.0
393.42189020318233	1.0718902031823063	42.87560812729225	0.0
393.35985286676623	1.0098528667662094	40.39411467064838	0.0
393.35037649149257	1.0003764914925455	40.01505965970182	0.0
393.35037649149257	1.0003764914925455	40.01505965970182	0.0
393.35985286676623	1.0098528667662094	40.39411467064838	0.0
393.4218902031822	1.0718902031821926	42.875608127287705	0.0
393.67981202011487	1.3298120201148436	53.19248080459374	0.0
394.3360568945085	1.9860568945084651	79.4422757803386	0.0
391.81679568837677	1.196795688376767	47.87182753507068	0.0
391.65277847153004	1.0327784715300368	41.31113886120147	0.0
391.6189277397157	0.9989277397156684	39.957109588626736	0.0
391.61832168355386	0.9983216835538542	39.93286734215417	0.0
391.6183216835538	0.9983216835537974	39.932867342151894	0.0
391.6189277397156	0.9989277397156116	39.95710958862446	0.0
391.65277847153	1.03277847152998	41.3111388611992	0.0
391.81679568837666	1.1967956883766533	47.87182753506613	0.0
390.8811472322739	1.9911472322739314	79.64588929095726	0.0
390.222809865781	1.3328098657810301	53.312394631241204	0.0
389.9638290943569	1.0738290943569382	42.95316377427753	0.0
389.9022746679689	1.0122746679689385	40.49098671875754	0.0
389.9022746679689	1.0122746679689385	40.49098671875754	0.0
389.96382909435687	1.0738290943568813	42.953163774275254	0.0
390.222809865781	1.3328098657810301	53.312394631241204	0.0
390.8811472322739	1.9911472322739314	79.64588929095726	0.0
388.3581073907697	1.1981073907696782	47.92429563078713	0.0
388.19301914552204	1.0330191455220188	41.32076582088075	0.0
388.15806892041877	0.9980689204187456	39.922756816749825	0.0
388.1580689204188	0.9980689204188025	39.9227568167521	0.0
388.19301914552204	1.0330191455220188	41.32076582088075	0.0
388.3581073907697	1.1981073907696782	47.92429563078713	0.0
387.4261345088808	1.9961345088808002	79.84538035523201	0.0
386.78466702314466	1.354667023144657	54.18668092578628	0.0
386.51936663980155	1.0893666398015398	43.57466559206159	0.0
386.51936663980155	1.0893666398015398	43.57466559206159	0.0
386.7846670231447	1.3546670231447138	54.18668092578855	0.0
387.42613450888086	1.996134508880857	79.84538035523428	0.0
385.04545844262185	1.3454584426218616	53.818337704874466	0.0
384.95880639474086	1.2588063947408727	50.35225578963491	0.0
384.95880639474086	1.2588063947408727	50.35225578963491	0.0
385.04545844262196	1.3454584426219753	53.81833770487901	0.0
384.5096500272066	2.5396500272065623	101.58600108826249	0.0
384.4818357841149	2.511835784114851	100.47343136459403	0.0
384.4818357841149	2.511835784114851	100.47343136459403	0.0
384.50965002720665	2.539650027206619	101.58600108826477	0.0

