Iteration number: 1056 [ ]
Timestep: 360.0 [s]
Time of simulation: 432000.0 [s]
Time of simulation: 7200.0 [min]
Initial volume: 4320.0 [ m^3]
Total volume: 4320.000000000009 [m^3]
Time convergence of CG: 0.024387703 [s]
PiezHead	AquifThick	WaterVolume	Source
[m]	[m]	[m^3]	[m^3/s]
401.0349816921877	0.03498169218772773	1.3992676875091092	0.0
400.1400598416384	0.0	-0.0	0.0
399.8745264230664	0.0	-0.0	0.0
399.81820650901614	0.0	-0.0	0.0
399.8077189683888	0.0	-0.0	0.0
399.80603969672063	0.0	-0.0	0.0
399.80580392836856	0.0	-0.0	0.0
399.8058039283685	0.0	-0.0	0.0
399.8060396967206	0.0	-0.0	0.0
399.8077189683888	0.0	-0.0	0.0
399.81820650901614	0.0	-0.0	0.0
399.8745264230664	0.0	-0.0	0.0
400.1400598416384	0.0	-0.0	0.0
401.0349816921877	0.03498169218772773	1.3992676875091092	0.0
400.68549807762804	1.4154980776280581	56.619923105122325	0.0
400.10195691102876	0.831956911028783	33.27827644115132	0.0
399.87452642306636	0.6045264230663747	24.18105692265499	0.0
399.81820650901614	0.5482065090161541	21.928260360646163	0.0
399.8077189683888	0.5377189683888446	21.508758735553783	0.0
399.80603969672063	0.5360396967206498	21.44158786882599	0.0
399.80580392836856	0.5358039283685798	21.432157134743193	0.0
399.8058039283685	0.535803928368523	21.43215713474092	0.0
399.8060396967206	0.5360396967205929	21.441587868823717	0.0
399.8077189683888	0.5377189683888446	21.508758735553783	0.0
399.81820650901614	0.5482065090161541	21.928260360646163	0.0
399.87452642306636	0.6045264230663747	24.18105692265499	0.0
400.10195691102876	0.831956911028783	33.27827644115132	0.0
400.68549807762804	1.4154980776280581	56.619923105122325	0.0
398.5068423907298	0.9668423907297665	38.67369562919066	0.0
398.3955462996644	0.8555462996643541	34.221851986574165	0.0
398.39115492956506	0.8511549295650411	34.046197182601645	0.0
398.39887480068296	0.8588748006829405	34.35499202731762	0.0
398.4017060283099	0.8617060283098681	34.46824113239472	0.0
398.4023198279015	0.8623198279015014	34.49279311606006	0.0
398.4023198279015	0.8623198279015014	34.49279311606006	0.0
398.40170602830983	0.8617060283098112	34.46824113239245	0.0
398.3988748006829	0.8588748006828837	34.35499202731535	0.0
398.39115492956506	0.8511549295650411	34.046197182601645	0.0
398.3955462996644	0.8555462996643541	34.221851986574165	0.0
398.50684239072973	0.9668423907297097	38.67369562918839	0.0
397.7197191349705	1.9097191349704872	76.38876539881949	0.0
397.09181408407915	1.2818140840791443	51.27256336316577	0.0
396.8497756515928	1.0397756515927767	41.59102606371107	0.0
396.7910172572579	0.9810172572579177	39.24069029031671	0.0
396.7784397810237	0.968439781023676	38.73759124094704	0.0
396.77620998481257	0.9662099848125649	38.6483993925026	0.0
396.7762099848125	0.9662099848125081	38.64839939250032	0.0
396.7784397810237	0.968439781023676	38.73759124094704	0.0
396.79101725725786	0.9810172572578608	39.24069029031443	0.0
396.8497756515927	1.03977565159272	41.591026063708796	0.0
397.09181408407915	1.2818140840791443	51.27256336316577	0.0
397.7197191349705	1.9097191349704872	76.38876539881949	0.0
395.25766877717354	1.177668777173551	47.10675108694204	0.0
395.0987266728957	1.0187266728956956	40.749066915827825	0.0
395.0679407802068	0.9879407802068272	39.51763120827309	0.0
395.0708276708403	0.9908276708403037	39.633106833612146	0.0
395.0725860678756	0.9925860678756067	39.703442715024266	0.0
395.0725860678756	0.9925860678756067	39.703442715024266	0.0
395.0708276708403	0.9908276708403037	39.633106833612146	0.0
395.0679407802068	0.9879407802068272	39.51763120827309	0.0
395.09872667289557	1.018726672895582	40.74906691582328	0.0
395.25766877717354	1.177668777173551	47.10675108694204	0.0
394.33747204564304	1.9874720456430168	79.49888182572067	0.0
393.68080832208506	1.3308083220850335	53.23233288340134	0.0
393.42228093634014	1.0722809363401211	42.891237453604845	0.0
393.3599253121566	1.009925312156554	40.397012486262156	0.0
393.350375936217	1.000375936216983	40.01503744867932	0.0
393.350375936217	1.000375936216983	40.01503744867932	0.0
393.3599253121566	1.009925312156554	40.397012486262156	0.0
393.42228093634003	1.0722809363400074	42.8912374536003	0.0
393.68080832208494	1.3308083220849198	53.23233288339679	0.0
394.337472045643	1.98747204564296	79.4988818257184	0.0
391.8179243788328	1.197924378832795	47.916975153311796	0.0
391.6531899697976	1.0331899697976041	41.327598791904165	0.0
391.6189694988023	0.9989694988022961	39.958779952091845	0.0
391.6183115835928	0.9983115835927947	39.93246334371179	0.0
391.6183115835928	0.9983115835927947	39.93246334371179	0.0
391.61896949880224	0.9989694988022393	39.95877995208957	0.0
391.65318996979755	1.0331899697975473	41.32759879190189	0.0
391.8179243788327	1.1979243788326812	47.91697515330725	0.0
390.88263556357964	1.992635563579654	79.70542254318616	0.0
390.2238518478123	1.3338518478122978	53.35407391249191	0.0
389.9642474454461	1.074247445446133	42.96989781784532	0.0
389.9023764998254	1.0123764998253932	40.49505999301573	0.0
389.9023764998254	1.0123764998253932	40.49505999301573	0.0
389.96424744544606	1.0742474454460762	42.96989781784305	0.0
390.2238518478123	1.3338518478122978	53.35407391249191	0.0
390.88263556357964	1.992635563579654	79.70542254318616	0.0
388.3592606117227	1.19926061172265	47.970424468906	0.0
388.19344086000933	1.033440860009307	41.33763440037228	0.0
388.15811478674743	0.9981147867474078	39.92459146989631	0.0
388.1581147867475	0.9981147867474647	39.92459146989859	0.0
388.19344086000933	1.033440860009307	41.33763440037228	0.0
388.3592606117227	1.19926061172265	47.970424468906	0.0
387.42769810642676	1.9976981064267534	79.90792425707014	0.0
386.785943670795	1.355943670795	54.237746831799996	0.0
386.51985593311423	1.0898559331142224	43.594237324568894	0.0
386.51985593311423	1.0898559331142224	43.594237324568894	0.0
386.78594367079506	1.3559436707950567	54.23774683180227	0.0
387.4276981064268	1.9976981064268102	79.90792425707241	0.0
385.0478334611965	1.347833461196501	53.91333844786004	0.0
384.96119281155893	1.2611928115589421	50.447712462357686	0.0
384.96119281155893	1.2611928115589421	50.447712462357686	0.0
385.0478334611966	1.3478334611966147	53.91333844786459	0.0
384.51312964491683	2.543129644916803	101.72518579667212	0.0
384.4852584273951	2.515258427395054	100.61033709580215	0.0
384.4852584273951	2.515258427395054	100.61033709580215	0.0
384.5131296449169	2.54312964491686	101.7251857966744	0.0

