Iteration number: 1073 [ ]
Timestep: 360.0 [s]
Time of simulation: 432000.0 [s]
Time of simulation: 7200.0 [min]
Initial volume: 4320.0 [ m^3]
Total volume: 4320.000000000021 [m^3]
Time convergence of CG: 0.025707875 [s]
PiezHead	AquifThick	WaterVolume	Source
[m]	[m]	[m^3]	[m^3/s]
401.0270275900266	0.027027590026591497	1.0811036010636599	0.0
400.1191662846819	0.0	-0.0	0.0
399.85767845071047	0.0	-0.0	0.0
399.800198095944	0.0	-0.0	0.0
399.7894251318346	0.0	-0.0	0.0
399.7876824104481	0.0	-0.0	0.0
399.7874347032779	0.0	-0.0	0.0
399.7874347032778	0.0	-0.0	0.0
399.78768241044804	0.0	-0.0	0.0
399.7894251318346	0.0	-0.0	0.0
399.800198095944	0.0	-0.0	0.0
399.85767845071047	0.0	-0.0	0.0
400.1191662846819	0.0	-0.0	0.0
401.0270275900266	0.027027590026591497	1.0811036010636599	0.0
400.6803123454346	1.4103123454345905	56.41249381738362	0.0
400.0887113787007	0.8187113787006979	32.748455148027915	0.0
399.85767845071047	0.5876784507104844	23.507138028419376	0.0
399.8001980959439	0.5301980959439447	21.20792383775779	0.0
399.7894251318346	0.5194251318346232	20.77700527338493	0.0
399.78768241044816	0.5176824104481739	20.707296417926955	0.0
399.7874347032779	0.5174347032778996	20.697388131115986	0.0
399.7874347032778	0.5174347032778428	20.697388131113712	0.0
399.7876824104481	0.517682410448117	20.70729641792468	0.0
399.7894251318346	0.5194251318346232	20.77700527338493	0.0
399.8001980959439	0.5301980959439447	21.20792383775779	0.0
399.85767845071047	0.5876784507104844	23.507138028419376	0.0
400.0887113787007	0.8187113787006979	32.748455148027915	0.0
400.6803123454346	1.4103123454345905	56.41249381738362	0.0
398.50572038696737	0.9657203869673481	38.62881547869392	0.0
398.39086295852013	0.8508629585201106	34.034518340804425	0.0
398.38528915571305	0.8452891557130329	33.811566228521315	0.0
398.3930956201351	0.8530956201350932	34.12382480540373	0.0
398.3960440547522	0.8560440547522035	34.24176219008814	0.0
398.3966946962245	0.8566946962244515	34.26778784897806	0.0
398.3966946962245	0.8566946962244515	34.26778784897806	0.0
398.39604405475217	0.8560440547521466	34.241762190085865	0.0
398.39309562013506	0.8530956201350364	34.123824805401455	0.0
398.38528915571305	0.8452891557130329	33.811566228521315	0.0
398.39086295852013	0.8508629585201106	34.034518340804425	0.0
398.5057203869673	0.9657203869672912	38.62881547869165	0.0
397.724266499107	1.9142664991069864	76.57065996427946	0.0
397.0949478238052	1.2849478238052257	51.397912952209026	0.0
396.8502256712513	1.040225671251278	41.60902685005112	0.0
396.7898228046525	0.9798228046524855	39.19291218609942	0.0
396.7767293149001	0.9667293149000784	38.669172596003136	0.0
396.7743765965338	0.964376596533782	38.57506386135128	0.0
396.7743765965337	0.9643765965337252	38.57506386134901	0.0
396.7767293149001	0.9667293149000784	38.669172596003136	0.0
396.78982280465243	0.9798228046524287	39.192912186097146	0.0
396.8502256712512	1.0402256712512212	41.60902685004885	0.0
397.0949478238052	1.2849478238052257	51.397912952209026	0.0
397.724266499107	1.9142664991069864	76.57065996427946	0.0
395.262767254045	1.182767254045018	47.31069016180072	0.0
395.1001093081901	1.020109308190115	40.8043723276046	0.0
395.0675104474776	0.9875104474776322	39.50041789910529	0.0
395.0702493016539	0.9902493016539324	39.6099720661573	0.0
395.0720588333645	0.9920588333645242	39.68235333458097	0.0
395.0720588333645	0.9920588333645242	39.68235333458097	0.0
395.0702493016539	0.9902493016539324	39.6099720661573	0.0
395.0675104474776	0.9875104474776322	39.50041789910529	0.0
395.10010930819	1.0201093081900012	40.80437232760005	0.0
395.262767254045	1.182767254045018	47.31069016180072	0.0
394.34541687508676	1.9954168750867325	79.8166750034693	0.0
393.68642489141774	1.336424891417721	53.45699565670884	0.0
393.4245036280376	1.0745036280375757	42.98014512150303	0.0
393.3603400806147	1.0103400806146965	40.41360322458786	0.0
393.3503714761637	1.0003714761636502	40.01485904654601	0.0
393.3503714761637	1.0003714761636502	40.01485904654601	0.0
393.3603400806147	1.0103400806146965	40.41360322458786	0.0
393.4245036280375	1.074503628037462	42.98014512149848	0.0
393.68642489141763	1.3364248914176073	53.456995656704294	0.0
394.3454168750867	1.9954168750866756	79.81667500346703	0.0
391.8243175251292	1.20431752512917	48.1727010051668	0.0
391.6555553694083	1.0355553694083142	41.42221477633257	0.0
391.6192170600562	0.9992170600561963	39.96868240224785	0.0
391.61825432197384	0.9982543219738318	39.93017287895327	0.0
391.61825432197384	0.9982543219738318	39.93017287895327	0.0
391.61921706005614	0.9992170600561394	39.96868240224558	0.0
391.65555536940826	1.0355553694082573	41.42221477633029	0.0
391.82431752512906	1.2043175251290563	48.17270100516225	0.0
390.89100942885074	2.0010094288507503	80.04037715403001	0.0
390.2297372774849	1.3397372774849146	53.58949109939658	0.0
389.9666325853452	1.0766325853452372	43.06530341380949	0.0
389.90296342309824	1.012963423098256	40.51853692393024	0.0
389.90296342309824	1.012963423098256	40.51853692393024	0.0
389.96663258534517	1.0766325853451804	43.065303413807214	0.0
390.2297372774849	1.3397372774849146	53.58949109939658	0.0
390.89100942885074	2.0010094288507503	80.04037715403001	0.0
388.36579951461357	1.2057995146135454	48.231980584541816	0.0
388.19586913225055	1.0358691322505251	41.434765290021005	0.0
388.1583910890394	0.9983910890393872	39.93564356157549	0.0
388.15839108903947	0.9983910890394441	39.93564356157776	0.0
388.19586913225055	1.0358691322505251	41.434765290021005	0.0
388.36579951461357	1.2057995146135454	48.231980584541816	0.0
387.4365115474014	2.0065115474013737	80.26046189605495	0.0
386.79318212579614	1.3631821257961292	54.52728503184517	0.0
386.52264958799213	1.0926495879921276	43.705983519685105	0.0
386.52264958799213	1.0926495879921276	43.705983519685105	0.0
386.7931821257962	1.363182125796186	54.52728503184744	0.0
387.43651154740144	2.0065115474014306	80.26046189605722	0.0
385.0613661148441	1.3613661148440883	54.45464459376353	0.0
384.9748403709747	1.2748403709746867	50.99361483898747	0.0
384.9748403709747	1.2748403709746867	50.99361483898747	0.0
385.0613661148442	1.361366114844202	54.45464459376808	0.0
384.5327883804139	2.562788380413849	102.51153521655397	0.0
384.5046173603376	2.5346173603375632	101.38469441350253	0.0
384.5046173603376	2.5346173603375632	101.38469441350253	0.0
384.532788380414	2.562788380413963	102.51153521655851	0.0

