Iteration number: 1109 [ ]
Timestep: 360.0 [s]
Time of simulation: 432000.0 [s]
Time of simulation: 7200.0 [min]
Initial volume: 4320.0 [ m^3]
Total volume: 4319.9999999999845 [m^3]
Time convergence of CG: 0.025196421 [s]
PiezHead	AquifThick	WaterVolume	Source
[m]	[m]	[m^3]	[m^3/s]
401.0107926103598	0.01079261035977197	0.4317044143908788	0.0
400.0746595004836	0.0	-0.0	0.0
399.82286911108986	0.0	-0.0	0.0
399.76297809189145	0.0	-0.0	0.0
399.75161971454054	0.0	-0.0	0.0
399.7497448668578	0.0	-0.0	0.0
399.74947166531877	0.0	-0.0	0.0
399.7494716653187	0.0	-0.0	0.0
399.7497448668577	0.0	-0.0	0.0
399.75161971454054	0.0	-0.0	0.0
399.76297809189145	0.0	-0.0	0.0
399.82286911108986	0.0	-0.0	0.0
400.0746595004836	0.0	-0.0	0.0
401.0107926103598	0.01079261035977197	0.4317044143908788	0.0
400.66867987686743	1.3986798768674475	55.9471950746979	0.0
400.0613846471865	0.7913846471865327	31.655385887461307	0.0
399.82286911108986	0.5528691110898762	22.11476444359505	0.0
399.76297809189145	0.492978091891473	19.71912367565892	0.0
399.75161971454054	0.48161971454055674	19.26478858162227	0.0
399.7497448668578	0.47974486685779993	19.189794674311997	0.0
399.74947166531877	0.4794716653187834	19.178866612751335	0.0
399.7494716653187	0.47947166531872654	19.17886661274906	0.0
399.7497448668577	0.4797448668577431	19.189794674309724	0.0
399.75161971454054	0.48161971454055674	19.26478858162227	0.0
399.76297809189145	0.492978091891473	19.71912367565892	0.0
399.82286911108986	0.5528691110898762	22.11476444359505	0.0
400.0613846471865	0.7913846471865327	31.655385887461307	0.0
400.66867987686743	1.3986798768674475	55.9471950746979	0.0
398.50287596971657	0.9628759697165492	38.51503878866197	0.0
398.38051030592857	0.8405103059285466	33.62041223714186	0.0
398.3722975447739	0.8322975447738941	33.29190179095576	0.0
398.3802566503149	0.8402566503148705	33.61026601259482	0.0
398.38345663223066	0.8434566322306409	33.73826528922564	0.0
398.38418907777185	0.8441890777718299	33.7675631108732	0.0
398.38418907777185	0.8441890777718299	33.7675631108732	0.0
398.3834566322306	0.8434566322305841	33.738265289223364	0.0
398.38025665031483	0.8402566503148137	33.61026601259255	0.0
398.3722975447739	0.8322975447738941	33.29190179095576	0.0
398.38051030592857	0.8405103059285466	33.62041223714186	0.0
398.5028759697165	0.9628759697164924	38.515038788659695	0.0
397.73325501430037	1.9232550143003664	76.93020057201466	0.0
397.1011861493866	1.29118614938659	51.6474459754636	0.0
396.85100831474097	1.0410083147409637	41.64033258963855	0.0
396.7871018023331	0.9771018023330953	39.08407209332381	0.0
396.77289404745	0.9628940474499927	38.51576189799971	0.0
396.77027029011515	0.9602702901151474	38.4108116046059	0.0
396.7702702901151	0.9602702901150906	38.41081160460362	0.0
396.77289404745	0.9628940474499927	38.51576189799971	0.0
396.78710180233304	0.9771018023330384	39.08407209332154	0.0
396.8510083147409	1.0410083147409068	41.64033258963627	0.0
397.10118614938654	1.291186149386533	51.64744597546132	0.0
397.73325501430037	1.9232550143003664	76.93020057201466	0.0
395.2733711200677	1.1933711200676953	47.73484480270781	0.0
395.1030699837279	1.0230699837279076	40.9227993491163	0.0
395.0665691850982	0.986569185098233	39.46276740392932	0.0
395.0689409918519	0.988940991851905	39.5576396740762	0.0
395.0708534625825	0.9908534625824927	39.63413850329971	0.0
395.0708534625825	0.9908534625824927	39.63413850329971	0.0
395.0689409918519	0.988940991851905	39.5576396740762	0.0
395.0665691850982	0.986569185098233	39.46276740392932	0.0
395.1030699837278	1.023069983727794	40.922799349111756	0.0
395.2733711200677	1.1933711200676953	47.73484480270781	0.0
394.36183339487974	2.011833394879716	80.47333579518863	0.0
393.6981545664978	1.348154566497783	53.92618265991132	0.0
393.42925461672604	1.0792546167260184	43.17018466904074	0.0
393.3612413655597	1.0112413655596697	40.44965462238679	0.0
393.3503539965738	1.0003539965737787	40.014159862951146	0.0
393.3503539965738	1.0003539965737787	40.014159862951146	0.0
393.3612413655597	1.0112413655596697	40.44965462238679	0.0
393.4292546167259	1.0792546167259047	43.17018466903619	0.0
393.6981545664977	1.3481545664976693	53.92618265990677	0.0
394.3618333948797	2.011833394879659	80.47333579518636	0.0
391.83782971644774	1.2178297164477385	48.71318865790954	0.0
391.66074576692057	1.0407457669205655	41.62983067682262	0.0
391.61980309302425	0.9998030930242408	39.99212372096963	0.0
391.6181329796968	0.9981329796967771	39.92531918787108	0.0
391.6181329796968	0.9981329796967771	39.92531918787108	0.0
391.61980309302413	0.9998030930241271	39.99212372096508	0.0
391.6607457669205	1.0407457669205087	41.62983067682035	0.0
391.83782971644763	1.2178297164476248	48.71318865790499	0.0
390.9084177329302	2.0184177329302315	80.73670931720926	0.0
390.2420949345646	1.3520949345646045	54.08379738258418	0.0
389.97176271699146	1.0817627169914772	43.27050867965909	0.0
389.90426233542684	1.0142623354268494	40.570493417073976	0.0
389.90426233542684	1.0142623354268494	40.570493417073976	0.0
389.9717627169914	1.0817627169914203	43.270508679656814	0.0
390.2420949345646	1.3520949345646045	54.08379738258418	0.0
390.9084177329302	2.0184177329302315	80.73670931720926	0.0
388.37966038890204	1.219660388902014	48.786415556080556	0.0
388.20122257779036	1.041222577790336	41.648903111613436	0.0
388.1590699680444	0.9990699680443527	39.96279872177411	0.0
388.15906996804443	0.9990699680444095	39.96279872177638	0.0
388.20122257779036	1.041222577790336	41.648903111613436	0.0
388.37966038890204	1.219660388902014	48.786415556080556	0.0
387.45492044482677	2.024920444826762	80.99681779307048	0.0
386.80827222214583	1.3782722221458243	55.130888885832974	0.0
386.5286934435443	1.0986934435442777	43.94773774177111	0.0
386.5286934435443	1.0986934435442777	43.94773774177111	0.0
386.8082722221459	1.3782722221458812	55.13088888583525	0.0
387.4549204448268	2.0249204448268188	80.99681779307275	0.0
385.0906806083443	1.3906806083443257	55.62722433377303	0.0
385.0044036772975	1.3044036772975005	52.17614709190002	0.0
385.0044036772975	1.3044036772975005	52.17614709190002	0.0
385.0906806083444	1.3906806083444394	55.627224333777576	0.0
384.5741135124349	2.6041135124348784	104.16454049739514	0.0
384.5454288139276	2.5754288139275445	103.01715255710178	0.0
384.5454288139276	2.5754288139275445	103.01715255710178	0.0
384.574113512435	2.604113512434992	104.16454049739968	0.0

