Iteration number: 1156 [ ]
Timestep: 360.0 [s]
Time of simulation: 432000.0 [s]
Time of simulation: 7200.0 [min]
Initial volume: 4320.0 [ m^3]
Total volume: 4320.000000000027 [m^3]
Time convergence of CG: 0.029350068 [s]
PiezHead	AquifThick	WaterVolume	Source
[m]	[m]	[m^3]	[m^3/s]
400.6432573263511	0.0	-0.0	0.0
400.026921480187	0.0	-0.0	0.0
399.77913661152604	0.0	-0.0	0.0
399.7161973885159	0.0	-0.0	0.0
399.70411435643115	0.0	-0.0	0.0
399.7020721684947	0.0	-0.0	0.0
399.70176538223774	0.0	-0.0	0.0
399.7017653822377	0.0	-0.0	0.0
399.7020721684946	0.0	-0.0	0.0
399.70411435643115	0.0	-0.0	0.0
399.7161973885159	0.0	-0.0	0.0
399.77913661152604	0.0	-0.0	0.0
400.026921480187	0.0	-0.0	0.0
400.6432573263511	0.0	-0.0	0.0
400.6432573263511	1.3732573263511085	54.93029305404434	0.0
400.026921480187	0.7569214801870316	30.276859207481266	0.0
399.77913661152604	0.5091366115260598	20.365464461042393	0.0
399.7161973885159	0.44619738851594093	17.847895540637637	0.0
399.70411435643115	0.43411435643116647	17.36457425724666	0.0
399.7020721684947	0.43207216849469887	17.282886739787955	0.0
399.70176538223774	0.4317653822377565	17.27061528951026	0.0
399.7017653822377	0.43176538223769967	17.270615289507987	0.0
399.7020721684946	0.43207216849464203	17.28288673978568	0.0
399.70411435643115	0.43411435643116647	17.36457425724666	0.0
399.7161973885159	0.44619738851594093	17.847895540637637	0.0
399.77913661152604	0.5091366115260598	20.365464461042393	0.0
400.026921480187	0.7569214801870316	30.276859207481266	0.0
400.6432573263511	1.3732573263511085	54.93029305404434	0.0
398.49825948930516	0.958259489305135	38.3303795722054	0.0
398.36618614111904	0.8261861411190239	33.047445644760955	0.0
398.3542691782763	0.8142691782762768	32.57076713105107	0.0
398.36236491493446	0.8223649149344396	32.894596597377586	0.0
398.36589921001695	0.825899210016928	33.03596840067712	0.0
398.36674605885537	0.826746058855349	33.06984235421396	0.0
398.3667460588553	0.8267460588552922	33.06984235421169	0.0
398.3658992100169	0.8258992100168712	33.03596840067485	0.0
398.3623649149344	0.8223649149343828	32.89459659737531	0.0
398.3542691782763	0.8142691782762768	32.57076713105107	0.0
398.36618614111904	0.8261861411190239	33.047445644760955	0.0
398.4982594893051	0.9582594893050782	38.33037957220313	0.0
397.74371053534105	1.9337105353410493	77.34842141364197	0.0
397.1085093399549	1.298509339954876	51.94037359819504	0.0
396.85165176873534	1.0416517687353348	41.66607074941339	0.0
396.7831318237817	0.9731318237816708	38.925272951266834	0.0
396.76742902101114	0.9574290210111371	38.297160840445486	0.0
396.76443041911847	0.9544304191184665	38.17721676473866	0.0
396.7644304191184	0.9544304191184096	38.177216764736386	0.0
396.76742902101114	0.9574290210111371	38.297160840445486	0.0
396.7831318237816	0.973131823781614	38.92527295126456	0.0
396.8516517687353	1.041651768735278	41.66607074941112	0.0
397.1085093399548	1.298509339954819	51.940373598192764	0.0
397.743710535341	1.9337105353409925	77.3484214136397	0.0
395.2867765147807	1.2067765147806995	48.27106059122798	0.0
395.1069622793466	1.0269622793466056	41.07849117386422	0.0
395.0652701288672	0.9852701288672279	39.410805154689115	0.0
395.067052786481	0.9870527864810015	39.48211145924006	0.0
395.06908683809627	0.9890868380962843	39.56347352385137	0.0
395.06908683809627	0.9890868380962843	39.56347352385137	0.0
395.067052786481	0.9870527864810015	39.48211145924006	0.0
395.0652701288672	0.9852701288672279	39.410805154689115	0.0
395.1069622793465	1.0269622793464919	41.078491173859675	0.0
395.2867765147807	1.2067765147806995	48.27106059122798	0.0
394.3824633124985	2.0324633124984643	81.29853249993857	0.0
393.7131299050035	1.3631299050034613	54.52519620013845	0.0
393.4355336135185	1.0855336135184643	43.42134454073857	0.0
393.36246152217535	1.0124615221753288	40.49846088701315	0.0
393.3503121762718	1.000312176271791	40.01248705087164	0.0
393.3503121762718	1.000312176271791	40.01248705087164	0.0
393.36246152217535	1.0124615221753288	40.49846088701315	0.0
393.4355336135184	1.0855336135183506	43.421344540734026	0.0
393.71312990500337	1.3631299050033476	54.525196200133905	0.0
394.38246331249843	2.0324633124984075	81.2985324999363	0.0
391.8553814451538	1.2353814451537914	49.41525780615166	0.0
391.66786644383313	1.0478664438331293	41.91465775332517	0.0
391.620695568057	1.0006955680569831	40.027822722279325	0.0
391.6179745292506	0.9979745292505982	39.918981170023926	0.0
391.6179745292506	0.9979745292505982	39.918981170023926	0.0
391.6206955680569	1.0006955680568694	40.02782272227478	0.0
391.6678664438331	1.0478664438330725	41.9146577533229	0.0
391.8553814451536	1.235381445153621	49.41525780614484	0.0
390.93052256258994	2.040522562589956	81.62090250359824	0.0
390.2580191527013	1.3680191527013221	54.720766108052885	0.0
389.97861523143837	1.0886152314383821	43.544609257535285	0.0
389.9060746714581	1.0160746714581137	40.64298685832455	0.0
389.9060746714581	1.0160746714581137	40.64298685832455	0.0
389.9786152314383	1.0886152314383253	43.54460925753301	0.0
390.2580191527013	1.3680191527013221	54.720766108052885	0.0
390.93052256258994	2.040522562589956	81.62090250359824	0.0
388.39775601054464	1.237756010544615	49.5102404217846	0.0
388.2086247556518	1.0486247556517583	41.94499022607033	0.0
388.16015379504194	1.0001537950419106	40.006151801676424	0.0
388.16015379504194	1.0001537950419106	40.006151801676424	0.0
388.2086247556518	1.0486247556517583	41.94499022607033	0.0
388.39775601054464	1.237756010544615	49.5102404217846	0.0
387.4784273047889	2.048427304788902	81.93709219155608	0.0
386.8270420220335	1.3970420220334745	55.88168088133898	0.0
386.5368551338424	1.106855133842373	44.274205353694924	0.0
386.5368551338424	1.106855133842373	44.274205353694924	0.0
386.82704202203354	1.3970420220335313	55.881680881341254	0.0
387.47842730478897	2.0484273047889587	81.93709219155835	0.0
385.13066178669845	1.4306617866984652	57.22647146793861	0.0
385.0442509729835	1.3442509729835024	53.770038919340095	0.0
385.04425097298343	1.3442509729834455	53.77003891933782	0.0
385.1306617866985	1.430661786698522	57.22647146794088	0.0
384.62757730559906	2.657577305599034	106.30309222396136	0.0
384.5983996171019	2.628399617101877	105.13598468407508	0.0
384.5983996171019	2.628399617101877	105.13598468407508	0.0
384.6275773055991	2.6575773055990908	106.30309222396363	0.0

