Iteration number: 53 [ ]
Timestep: 360.0 [s]
Time of simulation: 432000.0 [s]
Time of simulation: 7200.0 [min]
Initial volume: 4320.0 [ m^3]
Total volume: 4320.000000000107 [m^3]
Time convergence of CG: 0.005414795 [s]
PiezHead	AquifThick	WaterVolume	Source
[m]	[m]	[m^3]	[m^3/s]
401.9183881324674	0.9183881324673848	36.73552529869539	0.0
401.9194355537491	0.9194355537491106	36.77742214996442	0.0
401.9194695682679	0.9194695682679139	36.77878273071656	0.0
401.9194701694467	0.9194701694466971	36.778806777867885	0.0
401.91947017706116	0.9194701770611573	36.77880708244629	0.0
401.91947017713767	0.9194701771376685	36.77880708550674	0.0
401.91947017713824	0.919470177138237	36.77880708552948	0.0
401.91947017713824	0.919470177138237	36.77880708552948	0.0
401.91947017713767	0.9194701771376685	36.77880708550674	0.0
401.91947017706116	0.9194701770611573	36.77880708244629	0.0
401.9194701694467	0.9194701694466971	36.778806777867885	0.0
401.9194695682679	0.9194695682679139	36.77878273071656	0.0
401.9194355537491	0.9194355537491106	36.77742214996442	0.0
401.9183881324674	0.9183881324673848	36.73552529869539	0.0
400.3495695201737	1.0795695201737203	43.18278080694881	0.0
400.27003369510373	1.0000336951037525	40.0013478041501	0.0
400.26807374819754	0.9980737481975552	39.92294992790221	0.0
400.268041960036	0.9980419600360051	39.921678401440204	0.0
400.26804156386544	0.9980415638654563	39.92166255461825	0.0
400.268041559831	0.9980415598309946	39.921662393239785	0.0
400.2680415597961	0.9980415597960928	39.92166239184371	0.0
400.2680415597961	0.9980415597960928	39.92166239184371	0.0
400.268041559831	0.9980415598309946	39.921662393239785	0.0
400.26804156386544	0.9980415638654563	39.92166255461825	0.0
400.268041960036	0.9980419600360051	39.921678401440204	0.0
400.26807374819754	0.9980737481975552	39.92294992790221	0.0
400.27003369510373	1.0000336951037525	40.0013478041501	0.0
400.3495695201737	1.0795695201737203	43.18278080694881	0.0
398.53883841726554	0.9988384172655174	39.953536690620695	0.0
398.5399301611101	0.9999301611100577	39.99720644440231	0.0
398.53996699839104	0.9999669983910167	39.998679935640666	0.0
398.5399676656032	0.9999676656032079	39.99870662412832	0.0
398.5399676742784	0.9999676742783663	39.99870697113465	0.0
398.5399676743682	0.9999676743681789	39.998706974727156	0.0
398.5399676743682	0.9999676743681789	39.998706974727156	0.0
398.5399676742784	0.9999676742783663	39.99870697113465	0.0
398.5399676656032	0.9999676656032079	39.99870662412832	0.0
398.53996699839104	0.9999669983910167	39.998679935640666	0.0
398.5399301611101	0.9999301611100577	39.99720644440231	0.0
398.53883841726554	0.9988384172655174	39.953536690620695	0.0
396.89165752477237	1.0816575247723677	43.266300990894706	0.0
396.8119475769369	1.0019475769369137	40.07790307747655	0.0
396.8100299793657	1.0000299793657064	40.001199174628255	0.0
396.8099999662206	0.999999966220571	39.99999864882284	0.0
396.80999959675773	0.999999596757732	39.99998387030928	0.0
396.8099995929406	0.9999995929405827	39.99998371762331	0.0
396.8099995929406	0.9999995929405827	39.99998371762331	0.0
396.8099995967578	0.9999995967577888	39.99998387031155	0.0
396.8099999662206	0.999999966220571	39.99999864882284	0.0
396.8100299793657	1.0000299793657064	40.001199174628255	0.0
396.8119475769369	1.0019475769369137	40.07790307747655	0.0
396.89165752477237	1.0816575247723677	43.266300990894706	0.0
395.07891989531646	0.998919895316476	39.95679581265904	0.0
395.0799643619549	0.9999643619549374	39.9985744781975	0.0
395.0799993478265	0.999999347826531	39.99997391306124	0.0
395.0799999873218	0.9999999873218144	39.999999492872576	0.0
395.07999999573855	0.9999999957385626	39.9999998295425	0.0
395.07999999573855	0.9999999957385626	39.9999998295425	0.0
395.0799999873218	0.9999999873218144	39.999999492872576	0.0
395.0799993478265	0.999999347826531	39.99997391306124	0.0
395.0799643619549	0.9999643619549374	39.9985744781975	0.0
395.07891989531646	0.998919895316476	39.95679581265904	0.0
393.4316586156454	1.081658615645381	43.266344625815236	0.0
393.351948004239	1.0019480042389546	40.07792016955818	0.0
393.3500303804924	1.000030380492376	40.00121521969504	0.0
393.3500003669423	1.000000366942288	40.000014677691524	0.0
393.3500000036356	1.0000000036355914	40.000000145423655	0.0
393.3500000036356	1.0000000036355914	40.000000145423655	0.0
393.3500003669423	1.000000366942288	40.000014677691524	0.0
393.3500303804924	1.000030380492376	40.00121521969504	0.0
393.351948004239	1.0019480042389546	40.07792016955818	0.0
393.4316586156454	1.081658615645381	43.266344625815236	0.0
391.6189199063673	0.9989199063672913	39.95679625469165	0.0
391.61996437244704	0.9999643724470388	39.998574897881554	0.0
391.61999935825537	0.9999993582553657	39.99997433021463	0.0
391.61999999161105	0.9999999916110482	39.99999966444193	0.0
391.61999999161105	0.9999999916110482	39.99999966444193	0.0
391.61999935825537	0.9999993582553657	39.99997433021463	0.0
391.61996437244704	0.9999643724470388	39.998574897881554	0.0
391.6189199063673	0.9989199063672913	39.95679625469165	0.0
389.97165861574695	1.08165861574696	43.266344629878404	0.0
389.89194800432955	1.001948004329563	40.07792017318252	0.0
389.89003038065886	1.0000303806588704	40.001215226354816	0.0
389.89000037184695	1.0000003718469657	40.00001487387863	0.0
389.89000037184695	1.0000003718469657	40.00001487387863	0.0
389.89003038065886	1.0000303806588704	40.001215226354816	0.0
389.8919480043295	1.0019480043295061	40.077920173180246	0.0
389.97165861574695	1.08165861574696	43.266344629878404	0.0
388.1589199064286	0.9989199064285685	39.95679625714274	0.0
388.1599643771138	0.9999643771137698	39.998575084550794	0.0
388.1599994819766	0.9999994819766016	39.999979279064064	0.0
388.1599994819766	0.9999994819766016	39.999979279064064	0.0
388.1599643771138	0.9999643771137698	39.998575084550794	0.0
388.1589199064286	0.9989199064285685	39.95679625714274	0.0
386.5116586090216	1.0816586090215878	43.26634436086351	0.0
386.4319473734537	1.0019473734536746	40.07789493814698	0.0
386.43001254428344	1.000012544283436	40.00050177133744	0.0
386.43001254428344	1.000012544283436	40.00050177133744	0.0
386.4319473734537	1.0019473734536746	40.07789493814698	0.0
386.5116586090216	1.0816586090215878	43.26634436086351	0.0
384.6988848835777	0.9988848835777162	39.95539534310865	0.0
384.698804172017	0.9988041720170031	39.952166880680124	0.0
384.698804172017	0.9988041720170031	39.952166880680124	0.0
384.6988848835777	0.9988848835777162	39.95539534310865	0.0
383.05373868462095	1.0837386846209256	43.349547384837024	0.0
383.05373761685007	1.083737616850044	43.349504674001764	0.0
383.05373761685007	1.083737616850044	43.349504674001764	0.0
383.053738684621	1.0837386846209824	43.3495473848393	0.0

