Iteration number: 61 [ ]
Timestep: 360.0 [s]
Time of simulation: 432000.0 [s]
Time of simulation: 7200.0 [min]
Initial volume: 4320.0 [ m^3]
Total volume: 4320.000000000113 [m^3]
Time convergence of CG: 0.005325884 [s]
PiezHead	AquifThick	WaterVolume	Source
[m]	[m]	[m^3]	[m^3/s]
401.9062490375182	0.9062490375181937	36.24996150072775	0.0
401.90759971172974	0.9075997117297447	36.30398846918979	0.0
401.9076506238668	0.9076506238668003	36.30602495467201	0.0
401.907651657094	0.907651657093993	36.30606628375972	0.0
401.907651672067	0.9076516720670043	36.30606688268017	0.0
401.90765167223867	0.9076516722386714	36.306066889546855	0.0
401.9076516722402	0.9076516722402062	36.306066889608246	0.0
401.9076516722402	0.9076516722402062	36.306066889608246	0.0
401.90765167223867	0.9076516722386714	36.306066889546855	0.0
401.907651672067	0.9076516720670043	36.30606688268017	0.0
401.907651657094	0.907651657093993	36.30606628375972	0.0
401.9076506238668	0.9076506238668003	36.30602495467201	0.0
401.90759971172974	0.9075997117297447	36.30398846918979	0.0
401.9062490375182	0.9062490375181937	36.24996150072775	0.0
400.36104499783	1.0910449978300107	43.64179991320043	0.0
400.27005024796085	1.0000502479608713	40.00200991843485	0.0
400.2674693833938	0.9974693833938204	39.898775335752816	0.0
400.2674215101352	0.9974215101352115	39.89686040540846	0.0
400.2674208287501	0.9974208287501369	39.89683315000548	0.0
400.26742082083746	0.9974208208374762	39.89683283349905	0.0
400.2674208207595	0.9974208207595439	39.896832830381754	0.0
400.2674208207595	0.9974208207595439	39.896832830381754	0.0
400.26742082083746	0.9974208208374762	39.89683283349905	0.0
400.2674208287501	0.9974208287501369	39.89683315000548	0.0
400.2674215101352	0.9974215101352115	39.89686040540846	0.0
400.2674693833938	0.9974693833938204	39.898775335752816	0.0
400.27005024796085	1.0000502479608713	40.00200991843485	0.0
400.36104499783	1.0910449978300107	43.64179991320043	0.0
398.53847811876295	0.9984781187629324	39.939124750517294	0.0
398.53989427993736	0.9998942799373367	39.99577119749347	0.0
398.5399500368861	0.999950036886105	39.9980014754442	0.0
398.53995119999604	0.9999511999960191	39.998047999840765	0.0
398.53995121735426	0.9999512173542371	39.99804869416948	0.0
398.53995121756014	0.999951217560124	39.99804870240496	0.0
398.53995121756014	0.999951217560124	39.99804870240496	0.0
398.53995121735426	0.9999512173542371	39.99804869416948	0.0
398.53995119999604	0.9999511999960191	39.998047999840765	0.0
398.5399500368861	0.999950036886105	39.9980014754442	0.0
398.53989427993736	0.9998942799373367	39.99577119749347	0.0
398.53847811876295	0.9984781187629324	39.939124750517294	0.0
396.9038187644154	1.0938187644154027	43.75275057661611	0.0
396.8125634468874	1.0025634468873932	40.10253787549573	0.0
396.81004475903205	1.0000447590320505	40.00179036128202	0.0
396.8099999337549	0.999999933754907	39.99999735019628	0.0
396.8099993052277	0.999999305227675	39.999972209107	0.0
396.8099992978063	0.9999992978063119	39.99997191225248	0.0
396.8099992978063	0.9999992978063119	39.99997191225248	0.0
396.80999930522773	0.9999993052277318	39.99997220910927	0.0
396.8099999337549	0.999999933754907	39.99999735019628	0.0
396.81004475903205	1.0000447590320505	40.00179036128202	0.0
396.8125634468874	1.0025634468873932	40.10253787549573	0.0
396.9038187644154	1.0938187644154027	43.75275057661611	0.0
395.0786008440754	0.9986008440754404	39.944033763017615	0.0
395.07994630745543	0.9999463074554455	39.99785229821782	0.0
395.0799988668052	0.9999988668052424	39.9999546722097	0.0
395.07999997481903	0.9999999748190476	39.9999989927619	0.0
395.07999999158716	0.999999991587174	39.99999966348696	0.0
395.07999999158716	0.999999991587174	39.99999966348696	0.0
395.07999997481903	0.9999999748190476	39.9999989927619	0.0
395.0799988668052	0.9999988668052424	39.9999546722097	0.0
395.07994630745543	0.9999463074554455	39.99785229821782	0.0
395.0786008440754	0.9986008440754404	39.944033763017615	0.0
393.4438206645147	1.0938206645146806	43.752826580587225	0.0
393.35256418972915	1.002564189729128	40.10256758916512	0.0
393.35004544960697	1.0000454496069437	40.00181798427775	0.0
393.350000623403	1.0000006234029684	40.000024936118734	0.0
393.35000000700364	1.0000000070036208	40.00000028014483	0.0
393.35000000700364	1.0000000070036208	40.00000028014483	0.0
393.350000623403	1.0000006234029684	40.000024936118734	0.0
393.35004544960697	1.0000454496069437	40.00181798427775	0.0
393.35256418972915	1.002564189729128	40.10256758916512	0.0
393.4438206645147	1.0938206645146806	43.752826580587225	0.0
391.61860086607714	0.9986008660771404	39.944034643085615	0.0
391.6199463281716	0.9999463281715748	39.99785312686299	0.0
391.61999888737523	0.9999988873752272	39.99995549500909	0.0
391.61999998329304	0.9999999832930371	39.99999933172148	0.0
391.61999998329304	0.9999999832930371	39.99999933172148	0.0
391.61999888737523	0.9999988873752272	39.99995549500909	0.0
391.61994632817164	0.9999463281716316	39.997853126865266	0.0
391.61860086607714	0.9986008660771404	39.944034643085615	0.0
389.98382066474744	1.0938206647474544	43.75282658989818	0.0
389.8925641899334	1.0025641899334232	40.10256759733693	0.0
389.89004544998437	1.000045449984384	40.00181799937536	0.0
389.8900006330348	1.0000006330348015	40.00002532139206	0.0
389.8900006330348	1.0000006330348015	40.00002532139206	0.0
389.89004544998437	1.000045449984384	40.00181799937536	0.0
389.89256418993335	1.0025641899333664	40.102567597334655	0.0
389.98382066474744	1.0938206647474544	43.75282658989818	0.0
388.15860086622143	0.998600866221409	39.94403464885636	0.0
388.15994633774386	0.999946337743836	39.99785350975344	0.0
388.15999910657484	0.999999106574819	39.99996426299276	0.0
388.15999910657484	0.999999106574819	39.99996426299276	0.0
388.15994633774386	0.999946337743836	39.99785350975344	0.0
388.15860086622143	0.998600866221409	39.94403464885636	0.0
386.52382065123084	1.0938206512308284	43.752826049233136	0.0
386.4325630995613	1.0025630995613142	40.10252398245257	0.0
386.430018588523	1.0000185885230053	40.00074354092021	0.0
386.430018588523	1.0000185885230053	40.00074354092021	0.0
386.4325630995613	1.0025630995613142	40.10252398245257	0.0
386.52382065123084	1.0938206512308284	43.752826049233136	0.0
384.6985483112061	0.9985483112060933	39.94193244824373	0.0
384.6984268770247	0.9984268770247127	39.93707508098851	0.0
384.6984268770247	0.9984268770247127	39.93707508098851	0.0
384.6985483112061	0.9985483112060933	39.94193244824373	0.0
383.06658393076145	1.096583930761426	43.86335723045704	0.0
383.06658207549503	1.0965820754950073	43.86328301980029	0.0
383.06658207549503	1.0965820754950073	43.86328301980029	0.0
383.0665839307615	1.0965839307614829	43.863357230459314	0.0

