Iteration number: 78 [ ]
Timestep: 360.0 [s]
Time of simulation: 432000.0 [s]
Time of simulation: 7200.0 [min]
Initial volume: 4320.0 [ m^3]
Total volume: 4320.000000000081 [m^3]
Time convergence of CG: 0.00556683 [s]
PiezHead	AquifThick	WaterVolume	Source
[m]	[m]	[m^3]	[m^3/s]
401.88065614870067	0.8806561487006661	35.226245948026644	0.0
401.88272321492263	0.8827232149226347	35.30892859690539	0.0
401.88282470797526	0.88282470797526	35.3129883190104	0.0
401.88282732995134	0.8828273299513398	35.31309319805359	0.0
401.8828273779999	0.8828273779998881	35.31309511999552	0.0
401.8828273786937	0.8828273786937189	35.313095147748754	0.0
401.882827378702	0.882827378702018	35.31309514808072	0.0
401.882827378702	0.882827378702018	35.31309514808072	0.0
401.8828273786937	0.8828273786937189	35.313095147748754	0.0
401.8828273779999	0.8828273779998881	35.31309511999552	0.0
401.88282732995134	0.8828273299513398	35.31309319805359	0.0
401.88282470797526	0.88282470797526	35.3129883190104	0.0
401.88272321492263	0.8827232149226347	35.30892859690539	0.0
401.88065614870067	0.8806561487006661	35.226245948026644	0.0
400.3849123579274	1.1149123579274374	44.596494317097495	0.0
400.2700990745779	1.0000990745779177	40.00396298311671	0.0
400.2659284593615	0.9959284593614939	39.837138374459755	0.0
400.26583053380034	0.9958305338003584	39.833221352014334	0.0
400.2658287726891	0.9958287726890944	39.83315090756378	0.0
400.2658287468943	0.9958287468942899	39.833149875771596	0.0
400.26582874657447	0.9958287465744888	39.83314986297955	0.0
400.26582874657447	0.9958287465744888	39.83314986297955	0.0
400.2658287468943	0.9958287468942899	39.833149875771596	0.0
400.2658287726891	0.9958287726890944	39.83315090756378	0.0
400.26583053380034	0.9958305338003584	39.833221352014334	0.0
400.2659284593615	0.9959284593614939	39.837138374459755	0.0
400.2700990745779	1.0000990745779177	40.00396298311671	0.0
400.3849123579274	1.1149123579274374	44.596494317097495	0.0
398.53758785980517	0.9975878598051509	39.903514392206034	0.0
398.5397828320548	0.999782832054791	39.99131328219164	0.0
398.5398966301059	0.9998966301058658	39.99586520423463	0.0
398.53989967123186	0.9998996712318444	39.99598684927378	0.0
398.5398997290173	0.9998997290172724	39.9959891606909	0.0
398.53989972988796	0.9998997298879431	39.99598919551772	0.0
398.53989972988796	0.9998997298879431	39.99598919551772	0.0
398.5398997290173	0.9998997290172724	39.9959891606909	0.0
398.53989967123186	0.9998996712318444	39.99598684927378	0.0
398.5398966301059	0.9998966301058658	39.99586520423463	0.0
398.5397828320548	0.999782832054791	39.99131328219164	0.0
398.53758785980517	0.9975878598051509	39.903514392206034	0.0
396.9294777228033	1.1194777228033104	44.779108912132415	0.0
396.8141408041894	1.004140804189376	40.16563216757504	0.0
396.8100899603948	1.0000899603948028	40.00359841579211	0.0
396.8099997853516	0.9999997853515765	39.99999141406306	0.0
396.80999819621655	0.9999981962165521	39.99992784866208	0.0
396.80999817244003	0.99999817244003	39.9999268976012	0.0
396.80999817244003	0.99999817244003	39.9999268976012	0.0
396.8099981962166	0.9999981962166089	39.999927848664356	0.0
396.8099997853516	0.9999997853515765	39.99999141406306	0.0
396.8100899603948	1.0000899603948028	40.00359841579211	0.0
396.8141408041894	1.004140804189376	40.16563216757504	0.0
396.9294777228033	1.1194777228033104	44.779108912132415	0.0
395.07783843022725	0.9978384302272616	39.913537209090464	0.0
395.07989149371866	0.9998914937186782	39.99565974874713	0.0
395.0799970567649	0.9999970567649257	39.99988227059703	0.0
395.0799999168659	0.9999999168659315	39.99999667463726	0.0
395.0799999721787	0.9999999721787276	39.999998887149104	0.0
395.0799999721787	0.9999999721787276	39.999998887149104	0.0
395.0799999168659	0.9999999168659315	39.99999667463726	0.0
395.0799970567649	0.9999970567649257	39.99988227059703	0.0
395.07989149371866	0.9998914937186782	39.99565974874713	0.0
395.07783843022725	0.9978384302272616	39.913537209090464	0.0
393.46948274837234	1.1194827483723202	44.77930993489281	0.0
393.35414276896114	1.0041427689611169	40.165710758444675	0.0
393.3500917504577	1.0000917504576705	40.00367001830682	0.0
393.35000157149284	1.0000015714928168	40.00006285971267	0.0
393.3500000220003	1.000000022000279	40.00000088001116	0.0
393.3500000220003	1.000000022000279	40.00000088001116	0.0
393.35000157149284	1.0000015714928168	40.00006285971267	0.0
393.3500917504577	1.0000917504576705	40.00367001830682	0.0
393.35414276896114	1.0041427689611169	40.165710758444675	0.0
393.46948274837234	1.1194827483723202	44.77930993489281	0.0
391.6178385039709	0.997838503970911	39.91354015883644	0.0
391.6198915619642	0.9998915619642048	39.99566247856819	0.0
391.6199971243704	0.9999971243703953	39.999884974815814	0.0
391.61999994493095	0.9999999449309485	39.99999779723794	0.0
391.61999994493095	0.9999999449309485	39.99999779723794	0.0
391.61999712437046	0.9999971243704522	39.99988497481809	0.0
391.6198915619642	0.9998915619642048	39.99566247856819	0.0
391.6178385039709	0.997838503970911	39.91354015883644	0.0
390.00948274937497	1.1194827493749813	44.77930997499925	0.0
389.89414276981256	1.0041427698125744	40.16571079250298	0.0
389.890091752032	1.0000917520320058	40.003670081280234	0.0
389.89000160268864	1.0000016026886556	40.00006410754622	0.0
389.89000160268864	1.0000016026886556	40.00006410754622	0.0
389.890091752032	1.0000917520320058	40.003670081280234	0.0
389.8941427698125	1.0041427698125176	40.165710792500704	0.0
390.00948274937497	1.1194827493749813	44.77930997499925	0.0
388.15783850459616	0.9978385045961318	39.91354018384527	0.0
388.1598915946852	0.9998915946851525	39.9956637874061	0.0
388.1599977057995	0.9999977057995011	39.999908231980044	0.0
388.1599977057995	0.9999977057995011	39.999908231980044	0.0
388.1598915946852	0.9998915946851525	39.9956637874061	0.0
388.15783850459616	0.9978385045961318	39.91354018384527	0.0
386.5494827040091	1.1194827040091013	44.77930816036405	0.0
386.43413997303867	1.0041399730386615	40.16559892154646	0.0
386.4300375237907	1.000037523790695	40.001500951627804	0.0
386.4300375237907	1.000037523790695	40.001500951627804	0.0
386.43413997303867	1.0041399730386615	40.16559892154646	0.0
386.5494827040091	1.1194827040091013	44.77930816036405	0.0
384.6977334097173	0.9977334097172843	39.90933638869137	0.0
384.69748616455763	0.9974861645576425	39.8994465823057	0.0
384.69748616455763	0.9974861645576425	39.8994465823057	0.0
384.6977334097173	0.9977334097172843	39.90933638869137	0.0
383.0940321189242	1.1240321189241627	44.961284756966506	0.0
383.09402723842913	1.1240272384291075	44.9610895371643	0.0
383.09402723842913	1.1240272384291075	44.9610895371643	0.0
383.09403211892425	1.1240321189242195	44.96128475696878	0.0

