Iteration number: 249 [ ]
Timestep: 360.0 [s]
Time of simulation: 432000.0 [s]
Time of simulation: 7200.0 [min]
Initial volume: 4320.0 [ m^3]
Total volume: 4319.999999999884 [m^3]
Time convergence of CG: 0.006232546 [s]
PiezHead	AquifThick	WaterVolume	Source
[m]	[m]	[m^3]	[m^3/s]
401.644470323879	0.6444703238789771	25.778812955159083	0.0
401.65222176644363	0.6522217664436312	26.088870657745247	0.0
401.65399846138047	0.6539984613804677	26.159938455218708	0.0
401.6541447133087	0.6541447133087104	26.165788532348415	0.0
401.6541526704662	0.6541526704662033	26.16610681864813	0.0
401.65415300514314	0.6541530051431437	26.166120205725747	0.0
401.65415301676285	0.654153016762848	26.16612067051392	0.0
401.65415301676285	0.654153016762848	26.16612067051392	0.0
401.65415300514314	0.6541530051431437	26.166120205725747	0.0
401.6541526704662	0.6541526704662033	26.16610681864813	0.0
401.6541447133087	0.6541447133087104	26.165788532348415	0.0
401.65399846138047	0.6539984613804677	26.159938455218708	0.0
401.65222176644363	0.6522217664436312	26.088870657745247	0.0
401.644470323879	0.6444703238789771	25.778812955159083	0.0
400.58005746772	1.3100574677200143	52.40229870880057	0.0
400.2710584594685	1.0010584594685383	40.04233837874153	0.0
400.23409016222655	0.9640901622265687	38.56360648906275	0.0
400.23143280805084	0.9614328080508585	38.45731232203434	0.0
400.2312879507826	0.9612879507826051	38.451518031304204	0.0
400.23128148439463	0.9612814843946467	38.45125937578587	0.0
400.23128124014187	0.9612812401418864	38.45124960567546	0.0
400.23128124014187	0.9612812401418864	38.45124960567546	0.0
400.23128148439463	0.9612814843946467	38.45125937578587	0.0
400.2312879507826	0.9612879507826051	38.451518031304204	0.0
400.23143280805084	0.9614328080508585	38.45731232203434	0.0
400.23409016222655	0.9640901622265687	38.56360648906275	0.0
400.2710584594685	1.0010584594685383	40.04233837874153	0.0
400.58005746772	1.3100574677200143	52.40229870880057	0.0
398.524708648404	0.9847086484039664	39.38834593615866	0.0
398.5343505042743	0.99435050427428	39.7740201709712	0.0
398.53681383075	0.9968138307499999	39.872553229999994	0.0
398.53703528010317	0.9970352801031481	39.881411204125925	0.0
398.53704867337177	0.9970486733717507	39.88194693487003	0.0
398.5370493111683	0.9970493111682686	39.88197244673074	0.0
398.5370493111683	0.9970493111682686	39.88197244673074	0.0
398.53704867337177	0.9970486733717507	39.88194693487003	0.0
398.53703528010317	0.9970352801031481	39.881411204125925	0.0
398.53681383075	0.9968138307499999	39.872553229999994	0.0
398.5343505042743	0.99435050427428	39.7740201709712	0.0
398.524708648404	0.9847086484039664	39.38834593615866	0.0
397.1677313495277	1.3577313495276826	54.309253981107304	0.0
396.84765367215533	1.0376536721553293	41.50614688621317	0.0
396.8121609786868	1.0021609786867884	40.08643914747154	0.0
396.80995137403653	0.9999513740365273	39.998054961461094	0.0
396.8098370733565	0.9998370733565025	39.9934829342601	0.0
396.8098316575979	0.9998316575978947	39.99326630391579	0.0
396.8098316575979	0.9998316575978947	39.99326630391579	0.0
396.80983707335656	0.9998370733565594	39.993482934262374	0.0
396.80995137403653	0.9999513740365273	39.998054961461094	0.0
396.8121609786868	1.0021609786867884	40.08643914747154	0.0
396.84765367215533	1.0376536721553293	41.50614688621317	0.0
397.1677313495277	1.3577313495276826	54.309253981107304	0.0
395.07143447935016	0.9914344793501755	39.65737917400702	0.0
395.07788909720415	0.9978890972041654	39.915563888166616	0.0
395.0797951318889	0.9997951318889022	39.99180527555609	0.0
395.07997991732924	0.9999799173292558	39.999196693170234	0.0
395.07999168795806	0.9999916879580724	39.999667518322894	0.0
395.079991687958	0.9999916879580155	39.99966751832062	0.0
395.07997991732924	0.9999799173292558	39.999196693170234	0.0
395.0797951318889	0.9997951318889022	39.99180527555609	0.0
395.07788909720415	0.9978890972041654	39.915563888166616	0.0
395.07143447935016	0.9914344793501755	39.65737917400702	0.0
393.7082259510446	1.3582259510445738	54.32903804178295	0.0
393.38786184503533	1.0378618450353088	41.51447380141235	0.0
393.35232145591635	1.0023214559163307	40.09285823665323	0.0
393.3501087655015	1.0001087655014658	40.00435062005863	0.0
393.35000407052934	1.0000040705293145	40.00016282117258	0.0
393.35000407052934	1.0000040705293145	40.00016282117258	0.0
393.3501087655015	1.0001087655014658	40.00435062005863	0.0
393.35232145591635	1.0023214559163307	40.09285823665323	0.0
393.38786184503533	1.0378618450353088	41.51447380141235	0.0
393.7082259510446	1.3582259510445738	54.32903804178295	0.0
391.6114580217616	0.9914580217616162	39.65832087046465	0.0
391.61790791225775	0.9979079122577446	39.91631649030978	0.0
391.61981319715653	0.9998131971565272	39.99252788626109	0.0
391.61998838884296	0.9999883888429508	39.99953555371803	0.0
391.61998838884296	0.9999883888429508	39.99953555371803	0.0
391.61981319715653	0.9998131971565272	39.99252788626109	0.0
391.61790791225775	0.9979079122577446	39.91631649030978	0.0
391.6114580217616	0.9914580217616162	39.65832087046465	0.0
390.24822709709775	1.3582270970977675	54.3290838839107	0.0
389.9278625987351	1.037862598735103	41.514503949404116	0.0
389.89232258264667	1.0023225826466842	40.09290330586737	0.0
389.8901153909379	1.0001153909379354	40.00461563751742	0.0
389.8901153909379	1.0001153909379354	40.00461563751742	0.0
389.89232258264667	1.0023225826466842	40.09290330586737	0.0
389.92786259873503	1.037862598735046	41.51450394940184	0.0
390.24822709709775	1.3582270970977675	54.3290838839107	0.0
388.15145835537504	0.9914583553750163	39.65833421500065	0.0
388.15791414784434	0.9979141478443125	39.9165659137725	0.0
388.15984814790056	0.9998481479005363	39.99392591602145	0.0
388.15984814790056	0.9998481479005363	39.99392591602145	0.0
388.15791414784434	0.9979141478443125	39.9165659137725	0.0
388.15145835537504	0.9914583553750163	39.65833421500065	0.0
386.7882170499518	1.3582170499518043	54.32868199807217	0.0
386.4677121475155	1.0377121475154922	41.50848590061969	0.0
386.4313127098573	1.0013127098573023	40.05250839429209	0.0
386.4313127098573	1.0013127098573023	40.05250839429209	0.0
386.4677121475155	1.0377121475154922	41.50848590061969	0.0
386.7882170499518	1.3582170499518043	54.32868199807217	0.0
384.6900166099544	0.9900166099544094	39.60066439817638	0.0
384.683748749005	0.9837487490050307	39.34994996020123	0.0
384.6837487490051	0.9837487490050876	39.3499499602035	0.0
384.6900166099544	0.9900166099544094	39.60066439817638	0.0
383.3764779717484	1.4064779717483589	56.259118869934355	0.0
383.37603063605115	1.4060306360511277	56.241225442045106	0.0
383.37603063605115	1.4060306360511277	56.241225442045106	0.0
383.37647797174844	1.4064779717484157	56.25911886993663	0.0

