Iteration number: 259 [ ]
Timestep: 360.0 [s]
Time of simulation: 432000.0 [s]
Time of simulation: 7200.0 [min]
Initial volume: 4320.0 [ m^3]
Total volume: 4319.999999999836 [m^3]
Time convergence of CG: 0.005544002 [s]
PiezHead	AquifThick	WaterVolume	Source
[m]	[m]	[m^3]	[m^3/s]
401.6320656504108	0.6320656504108229	25.282626016432914	0.0
401.6398054797701	0.6398054797700752	25.592219190803007	0.0
401.641729355726	0.6417293557259995	25.66917422903998	0.0
401.6418944709393	0.6418944709392918	25.67577883757167	0.0
401.6419037850745	0.6419037850744758	25.67615140297903	0.0
401.6419041908241	0.641904190824107	25.67616763296428	0.0
401.6419042054134	0.6419042054134252	25.676168216537008	0.0
401.6419042054134	0.6419042054134252	25.676168216537008	0.0
401.6419041908241	0.641904190824107	25.67616763296428	0.0
401.6419037850745	0.6419037850744758	25.67615140297903	0.0
401.6418944709393	0.6418944709392918	25.67577883757167	0.0
401.641729355726	0.6417293557259995	25.66917422903998	0.0
401.6398054797701	0.6398054797700752	25.592219190803007	0.0
401.6320656504108	0.6320656504108229	25.282626016432914	0.0
400.588795874243	1.3187958742429942	52.751834969719766	0.0
400.27106821604355	1.0010682160435636	40.04272864174254	0.0
400.23147373185174	0.9614737318517541	38.458949274070164	0.0
400.228517345963	0.9585173459630028	38.34069383852011	0.0
400.22835011678995	0.9583501167899726	38.334004671598905	0.0
400.22834236624533	0.958342366245347	38.33369464981388	0.0
400.228342062182	0.9583420621819982	38.33368248727993	0.0
400.228342062182	0.9583420621819982	38.33368248727993	0.0
400.22834236624533	0.958342366245347	38.33369464981388	0.0
400.22835011678995	0.9583501167899726	38.334004671598905	0.0
400.228517345963	0.9585173459630028	38.34069383852011	0.0
400.23147373185174	0.9614737318517541	38.458949274070164	0.0
400.27106821604355	1.0010682160435636	40.04272864174254	0.0
400.588795874243	1.3187958742429942	52.751834969719766	0.0
398.52397228325214	0.9839722832521147	39.35889133008459	0.0
398.5337307183445	0.9937307183444659	39.74922873377864	0.0
398.5364266811049	0.9964266811048788	39.85706724419515	0.0
398.5366799949191	0.9966799949190772	39.86719979676309	0.0
398.53669594520267	0.9966959452026458	39.86783780810583	0.0
398.5366967354871	0.9966967354870917	39.86786941948367	0.0
398.5366967354871	0.9966967354870917	39.86786941948367	0.0
398.53669594520267	0.9966959452026458	39.86783780810583	0.0
398.5366799949191	0.9966799949190772	39.86719979676309	0.0
398.5364266811049	0.9964266811048788	39.85706724419515	0.0
398.5337307183445	0.9937307183444659	39.74922873377864	0.0
398.52397228325214	0.9839722832521147	39.35889133008459	0.0
397.18029825808014	1.3702982580801404	54.811930323205615	0.0
396.8504340785519	1.0404340785519253	41.61736314207701	0.0
396.81239293094615	1.0023929309461437	40.09571723784575	0.0
396.8099419397534	0.9999419397533984	39.997677590135936	0.0
396.8098104594616	0.9998104594615711	39.992418378462844	0.0
396.8098039802094	0.9998039802093786	39.99215920837514	0.0
396.8098039802094	0.9998039802093786	39.99215920837514	0.0
396.80981045946163	0.9998104594616279	39.99241837846512	0.0
396.8099419397534	0.9999419397533984	39.997677590135936	0.0
396.81239293094615	1.0023929309461437	40.09571723784575	0.0
396.8504340785519	1.0404340785519253	41.61736314207701	0.0
397.18029825808014	1.3702982580801404	54.811930323205615	0.0
395.0714650342786	0.9914650342786331	39.65860137114532	0.0
395.07770594048606	0.9977059404860711	39.90823761944284	0.0
395.0797659590858	0.9997659590858348	39.99063836343339	0.0
395.07997596516805	0.999975965168062	39.99903860672248	0.0
395.07998991869437	0.9999899186943821	39.999596747775286	0.0
395.0799899186943	0.9999899186943253	39.99959674777301	0.0
395.07997596516805	0.999975965168062	39.99903860672248	0.0
395.0797659590858	0.9997659590858348	39.99063836343339	0.0
395.07770594048606	0.9977059404860711	39.90823761944284	0.0
395.0714650342786	0.9914650342786331	39.65860137114532	0.0
393.7208750062262	1.3708750062261856	54.835000249047425	0.0
393.39067817756364	1.0406781775636205	41.62712710254482	0.0
393.3525796181871	1.0025796181870987	40.10318472748395	0.0
393.35012478170427	1.000124781704244	40.00499126816976	0.0
393.3500048087455	1.000004808745473	40.00019234981892	0.0
393.3500048087455	1.000004808745473	40.00019234981892	0.0
393.35012478170427	1.000124781704244	40.00499126816976	0.0
393.3525796181871	1.0025796181870987	40.10318472748395	0.0
393.39067817756364	1.0406781775636205	41.62712710254482	0.0
393.72087500622615	1.3708750062261288	54.83500024904515	0.0
391.6114936739076	0.9914936739075983	39.659746956303934	0.0
391.61772866728745	0.997728667287447	39.90914669149788	0.0
391.6197877329782	0.9997877329781772	39.99150931912709	0.0
391.6199862439119	0.9999862439119056	39.999449756476224	0.0
391.6199862439119	0.9999862439119056	39.999449756476224	0.0
391.6197877329782	0.9997877329781772	39.99150931912709	0.0
391.61772866728745	0.997728667287447	39.90914669149788	0.0
391.6114936739076	0.9914936739075983	39.659746956303934	0.0
390.2608764651046	1.3708764651046295	54.83505860418518	0.0
389.93067912657557	1.0406791265755828	41.62716506302331	0.0
389.8925810149605	1.0025810149605263	40.10324059842105	0.0
389.8901326589808	1.0001326589808173	40.00530635923269	0.0
389.8901326589808	1.0001326589808173	40.00530635923269	0.0
389.8925810149605	1.0025810149605263	40.10324059842105	0.0
389.9306791265755	1.040679126575526	41.62716506302104	0.0
390.2608764651046	1.3708764651046295	54.83505860418518	0.0
388.15149407604815	0.9914940760481272	39.65976304192509	0.0
388.1577359340439	0.9977359340438738	39.909437361754954	0.0
388.15982698716664	0.9998269871666139	39.993079486664556	0.0
388.15982698716664	0.9998269871666139	39.993079486664556	0.0
388.1577359340439	0.9977359340438738	39.909437361754954	0.0
388.15149407604815	0.9914940760481272	39.65976304192509	0.0
386.80086463051595	1.370864630515939	54.834585220637564	0.0
386.4705115536184	1.040511553618387	41.620462144735484	0.0
386.4314896771475	1.0014896771475037	40.05958708590015	0.0
386.4314896771475	1.0014896771475037	40.05958708590015	0.0
386.4705115536184	1.040511553618387	41.620462144735484	0.0
386.80086463051595	1.370864630515939	54.834585220637564	0.0
384.6899957831093	0.9899957831092934	39.599831324371735	0.0
384.6830472645275	0.9830472645274995	39.32189058109998	0.0
384.68304726452754	0.9830472645275563	39.32189058110225	0.0
384.6899957831093	0.9899957831092934	39.599831324371735	0.0
383.39307065408434	1.423070654084313	56.92282616337252	0.0
383.3925517891005	1.4225517891004529	56.902071564018115	0.0
383.3925517891005	1.4225517891004529	56.902071564018115	0.0
383.3930706540844	1.4230706540843698	56.92282616337479	0.0

