Iteration number: 456 [ ]
Timestep: 360.0 [s]
Time of simulation: 432000.0 [s]
Time of simulation: 7200.0 [min]
Initial volume: 4320.0 [ m^3]
Total volume: 4320.000000000077 [m^3]
Time convergence of CG: 0.005343504 [s]
PiezHead	AquifThick	WaterVolume	Source
[m]	[m]	[m^3]	[m^3/s]
401.42060645212814	0.4206064521281405	16.82425808512562	0.0
401.4172856997407	0.4172856997407166	16.691427989628664	0.0
401.42215555647294	0.4221555564729442	16.88622225891777	0.0
401.42297362964445	0.42297362964444574	16.91894518577783	0.0
401.42305081490804	0.42305081490803786	16.922032596321515	0.0
401.4230563060994	0.42305630609939726	16.92225224397589	0.0
401.42305662901964	0.4230566290196407	16.922265160785628	0.0
401.42305662901964	0.4230566290196407	16.922265160785628	0.0
401.4230563060994	0.42305630609939726	16.92225224397589	0.0
401.42305081490804	0.42305081490803786	16.922032596321515	0.0
401.4229736296444	0.4229736296443889	16.918945185775556	0.0
401.42215555647294	0.4221555564729442	16.88622225891777	0.0
401.4172856997407	0.4172856997407166	16.691427989628664	0.0
401.42060645212814	0.4206064521281405	16.82425808512562	0.0
400.70558593384294	1.4355859338429582	57.42343735371833	0.0
400.26614140540556	0.9961414054055808	39.84565621622323	0.0
400.16881059637456	0.8988105963745738	35.95242385498295	0.0
400.1562773121219	0.8862773121219334	35.451092484877336	0.0
400.15508776321775	0.8850877632177685	35.40351052871074	0.0
400.154994407278	0.8849944072780431	35.399776291121725	0.0
400.1549881541092	0.8849881541092373	35.39952616436949	0.0
400.1549881541092	0.8849881541092373	35.39952616436949	0.0
400.1549944072781	0.8849944072781	35.399776291124	0.0
400.15508776321775	0.8850877632177685	35.40351052871074	0.0
400.1562773121219	0.8862773121219334	35.451092484877336	0.0
400.16881059637456	0.8988105963745738	35.95242385498295	0.0
400.26614140540556	0.9961414054055808	39.84565621622323	0.0
400.70558593384294	1.4355859338429582	57.42343735371833	0.0
398.514277057885	0.97427705788499	38.9710823153996	0.0
398.51422232750946	0.9742223275094375	38.9688931003775	0.0
398.5221281441934	0.982128144193382	39.28512576773528	0.0
398.52363243297987	0.9836324329798458	39.34529731919383	0.0
398.52380510977673	0.9838051097767107	39.352204391068426	0.0
398.5238203357089	0.983820335708856	39.35281342835424	0.0
398.5238203357089	0.983820335708856	39.35281342835424	0.0
398.5238051097768	0.9838051097767675	39.3522043910707	0.0
398.52363243297987	0.9836324329798458	39.34529731919383	0.0
398.52212814419335	0.9821281441933252	39.28512576773301	0.0
398.51422232750946	0.9742223275094375	38.9688931003775	0.0
398.514277057885	0.97427705788499	38.9710823153996	0.0
397.393137952751	1.583137952750974	63.325518110038956	0.0
396.9153988356045	1.1053988356044897	44.21595342417959	0.0
396.81954010356816	1.0095401035681562	40.381604142726246	0.0
396.80931525839554	0.9993152583955407	39.97261033582163	0.0
396.80838189257906	0.9983818925790615	39.93527570316246	0.0
396.80830215260363	0.9983021526036282	39.93208610414513	0.0
396.8083021526036	0.9983021526035714	39.932086104142854	0.0
396.80838189257906	0.9983818925790615	39.93527570316246	0.0
396.80931525839554	0.9993152583955407	39.97261033582163	0.0
396.81954010356816	1.0095401035681562	40.381604142726246	0.0
396.9153988356045	1.1053988356044897	44.21595342417959	0.0
397.393137952751	1.583137952750974	63.325518110038956	0.0
395.0879813416941	1.0079813416941192	40.31925366776477	0.0
395.07441856458007	0.9944185645800871	39.776742583203486	0.0
395.0785975778592	0.9985975778592433	39.94390311436973	0.0
395.07970394489996	0.9997039448999772	39.988157795999086	0.0
395.07984302658247	0.9998430265824823	39.99372106329929	0.0
395.07984302658247	0.9998430265824823	39.99372106329929	0.0
395.07970394489996	0.9997039448999772	39.988157795999086	0.0
395.0785975778593	0.9985975778593001	39.943903114372006	0.0
395.07441856458007	0.9944185645800871	39.776742583203486	0.0
395.08798134169405	1.0079813416940624	40.319253667762496	0.0
393.9381171575866	1.5881171575865665	63.52468630346266	0.0
393.45775713688437	1.107757136884345	44.3102854753738	0.0
393.36114467133916	1.0111446713391388	40.44578685356555	0.0
393.3508360768836	1.0008360768835587	40.03344307534235	0.0
393.35004562751925	1.0000456275192278	40.00182510076911	0.0
393.35004562751925	1.0000456275192278	40.00182510076911	0.0
393.3508360768836	1.0008360768835587	40.03344307534235	0.0
393.36114467133916	1.0111446713391388	40.44578685356555	0.0
393.4577571368843	1.1077571368842882	44.31028547537153	0.0
393.9381171575865	1.5881171575864528	63.52468630345811	0.0
391.6284483419102	1.0084483419101957	40.33793367640783	0.0
391.6147519345133	0.9947519345133173	39.79007738053269	0.0
391.6189023271585	0.9989023271584756	39.956093086339024	0.0
391.61986473522757	0.9998647352275611	39.994589409102446	0.0
391.61986473522757	0.9998647352275611	39.994589409102446	0.0
391.6189023271585	0.9989023271584756	39.956093086339024	0.0
391.6147519345133	0.9947519345133173	39.79007738053269	0.0
391.62844834191014	1.0084483419101389	40.337933676405555	0.0
390.4781629454547	1.5881629454547124	63.526517818188495	0.0
389.99778301309345	1.1077830130934672	44.31132052373869	0.0
389.90117276132196	1.0111727613219728	40.44691045287891	0.0
389.89092240603287	1.0009224060328847	40.03689624131539	0.0
389.89092240603287	1.0009224060328847	40.03689624131539	0.0
389.9011727613219	1.011172761321916	40.44691045287664	0.0
389.99778301309345	1.1077830130934672	44.31132052373869	0.0
390.4781629454547	1.5881629454547124	63.526517818188495	0.0
388.1684536894191	1.0084536894190705	40.33814757676282	0.0
388.15479419321014	0.9947941932101116	39.791767728404466	0.0
388.15903534054627	0.9990353405462429	39.961413621849715	0.0
388.15903534054627	0.9990353405462429	39.961413621849715	0.0
388.15479419321014	0.9947941932101116	39.791767728404466	0.0
388.1684536894191	1.0084536894190705	40.33814757676282	0.0
387.01808754908257	1.5880875490825588	63.52350196330235	0.0
386.5374692555318	1.1074692555317824	44.2987702212713	0.0
386.43927484683866	1.0092748468386503	40.37099387354601	0.0
386.43927484683866	1.0092748468386503	40.37099387354601	0.0
386.5374692555318	1.1074692555317824	44.2987702212713	0.0
387.0180875490826	1.5880875490826156	63.523501963304625	0.0
384.7112596626164	1.0112596626163963	40.45038650465585	0.0
384.68364275286893	0.9836427528689455	39.34571011475782	0.0
384.68364275286893	0.9836427528689455	39.34571011475782	0.0
384.7112596626164	1.0112596626163963	40.45038650465585	0.0
383.7117040174766	1.741704017476593	69.66816069906372	0.0
383.70779283795093	1.7377928379509058	69.51171351803623	0.0
383.70779283795093	1.7377928379509058	69.51171351803623	0.0
383.7117040174767	1.7417040174766498	69.668160699066	0.0

