Iteration number: 677 [ ]
Timestep: 360.0 [s]
Time of simulation: 432000.0 [s]
Time of simulation: 7200.0 [min]
Initial volume: 4320.0 [ m^3]
Total volume: 4320.000000000032 [m^3]
Time convergence of CG: 0.009542586 [s]
PiezHead	AquifThick	WaterVolume	Source
[m]	[m]	[m^3]	[m^3/s]
401.24594578262685	0.24594578262684763	9.837831305073905	0.0
401.2118136508358	0.2118136508357793	8.472546033431172	0.0
401.2188386903064	0.218838690306427	8.75354761225708	0.0
401.2210653119734	0.22106531197340473	8.84261247893619	0.0
401.22136331089354	0.2213633108935369	8.854532435741476	0.0
401.22139259859415	0.22139259859415006	8.855703943766002	0.0
401.2213950006618	0.22139500066180062	8.855800026472025	0.0
401.2213950006618	0.22139500066180062	8.855800026472025	0.0
401.22139259859415	0.22139259859415006	8.855703943766002	0.0
401.22136331089354	0.2213633108935369	8.854532435741476	0.0
401.22106531197335	0.2210653119733479	8.842612478933916	0.0
401.2188386903064	0.218838690306427	8.75354761225708	0.0
401.2118136508358	0.2118136508357793	8.472546033431172	0.0
401.24594578262685	0.24594578262684763	9.837831305073905	0.0
400.7415753901184	1.471575390118403	58.86301560473612	0.0
400.2431598075347	0.9731598075347279	38.926392301389114	0.0
400.08337700356344	0.8133770035634598	32.53508014253839	0.0
400.05360400492117	0.7836040049211874	31.344160196847497	0.0
400.0496395609034	0.7796395609034334	31.185582436137338	0.0
400.0492006186385	0.7792006186385265	31.16802474554106	0.0
400.0491587174351	0.7791587174351093	31.166348697404374	0.0
400.0491587174351	0.7791587174351093	31.166348697404374	0.0
400.04920061863857	0.7792006186385834	31.168024745543335	0.0
400.0496395609034	0.7796395609034334	31.185582436137338	0.0
400.0536040049212	0.7836040049212443	31.34416019684977	0.0
400.08337700356344	0.8133770035634598	32.53508014253839	0.0
400.2431598075347	0.9731598075347279	38.926392301389114	0.0
400.7415753901184	1.471575390118403	58.86301560473612	0.0
398.5113895917982	0.9713895917981858	38.855583671927434	0.0
398.4784103713326	0.9384103713325658	37.53641485330263	0.0
398.4888189176504	0.9488189176503852	37.95275670601541	0.0
398.49285856181723	0.9528585618172087	38.11434247268835	0.0
398.49360248256534	0.9536024825653158	38.14409930261263	0.0
398.49370169842945	0.9537016984294269	38.148067937177075	0.0
398.49370169842945	0.9537016984294269	38.148067937177075	0.0
398.49360248256534	0.9536024825653158	38.14409930261263	0.0
398.4928585618172	0.9528585618171519	38.114342472686076	0.0
398.48881891765035	0.9488189176503283	37.95275670601313	0.0
398.4784103713325	0.9384103713324521	37.53641485329808	0.0
398.51138959179815	0.971389591798129	38.85558367192516	0.0
397.55952552969825	1.7495255296982464	69.98102118792985	0.0
396.99283891887666	1.182838918876655	47.3135567550662	0.0
396.83161518996985	1.0216151899698502	40.86460759879401	0.0
396.80656816248967	0.9965681624896661	39.86272649958664	0.0
396.8031418875528	0.9931418875527811	39.725675502111244	0.0
396.80272550320416	0.9927255032041558	39.70902012816623	0.0
396.8027255032041	0.9927255032040989	39.70902012816396	0.0
396.8031418875528	0.9931418875527811	39.725675502111244	0.0
396.80656816248967	0.9965681624896661	39.86272649958664	0.0
396.83161518996985	1.0216151899698502	40.86460759879401	0.0
396.99283891887666	1.182838918876655	47.3135567550662	0.0
397.55952552969825	1.7495255296982464	69.98102118792985	0.0
395.13960129596967	1.059601295969685	42.3840518387874	0.0
395.07619150129875	0.9961915012987674	39.8476600519507	0.0
395.0758268402415	0.9958268402415342	39.83307360966137	0.0
395.0784364874558	0.9984364874558196	39.93745949823278	0.0
395.07898858171035	0.9989885817103641	39.95954326841456	0.0
395.07898858171035	0.9989885817103641	39.95954326841456	0.0
395.0784364874558	0.9984364874558196	39.93745949823278	0.0
395.0758268402416	0.9958268402415911	39.83307360966364	0.0
395.07619150129875	0.9961915012987674	39.8476600519507	0.0
395.13960129596967	1.059601295969685	42.3840518387874	0.0
394.11971031405085	1.7697103140508261	70.78841256203305	0.0
393.54356903609477	1.1935690360947433	47.74276144378973	0.0
393.3785302719019	1.0285302719019	41.141210876076	0.0
393.35286177794217	1.0028617779421438	40.11447111768575	0.0
393.3501709532597	1.0001709532596692	40.00683813038677	0.0
393.3501709532597	1.0001709532596692	40.00683813038677	0.0
393.35286177794217	1.0028617779421438	40.11447111768575	0.0
393.3785302719019	1.0285302719019	41.141210876076	0.0
393.54356903609465	1.1935690360946296	47.742761443785184	0.0
394.1197103140508	1.7697103140507693	70.78841256203077	0.0
391.68263651187254	1.0626365118725403	42.50546047490161	0.0
391.6182653993482	0.9982653993482131	39.930615973928525	0.0
391.6176216113917	0.9976216113917076	39.9048644556683	0.0
391.6194727463492	0.9994727463491699	39.9789098539668	0.0
391.6194727463491	0.9994727463491131	39.978909853964524	0.0
391.61762161139166	0.9976216113916507	39.90486445566603	0.0
391.6182653993482	0.9982653993482131	39.930615973928525	0.0
391.68263651187254	1.0626365118725403	42.50546047490161	0.0
390.6601783655044	1.770178365504421	70.80713462017684	0.0
390.0838247087263	1.1938247087263107	47.75298834905243	0.0
389.91874059339904	1.0287405933990499	41.149623735961995	0.0
389.8932758875403	1.003275887540326	40.13103550161304	0.0
389.8932758875403	1.003275887540326	40.13103550161304	0.0
389.918740593399	1.028740593398993	41.14962373595972	0.0
390.0838247087263	1.1938247087263107	47.75298834905243	0.0
390.6601783655044	1.770178365504421	70.80713462017684	0.0
388.22269639826976	1.0626963982697362	42.50785593078945	0.0
388.15830246322525	0.9983024632252295	39.93209852900918	0.0
388.1575582401298	0.9975582401297629	39.902329605190516	0.0
388.1575582401298	0.9975582401297629	39.902329605190516	0.0
388.1583024632252	0.9983024632251727	39.93209852900691	0.0
388.22269639826976	1.0626963982697362	42.50785593078945	0.0
387.20033196007444	1.7703319600744294	70.81327840297718	0.0
386.6261674800895	1.196167480089514	47.846699203580556	0.0
386.46220078382476	1.0322007838247487	41.28803135298995	0.0
386.46220078382476	1.0322007838247487	41.28803135298995	0.0
386.6261674800895	1.196167480089514	47.846699203580556	0.0
387.2003319600745	1.7703319600744862	70.81327840297945	0.0
384.7936257286893	1.0936257286892896	43.745029147571586	0.0
384.7332933502828	1.0332933502828041	41.331734011312165	0.0
384.7332933502828	1.0332933502828041	41.331734011312165	0.0
384.79362572868934	1.0936257286893465	43.74502914757386	0.0
384.03697340379864	2.066973403798613	82.67893615194453	0.0
384.0242210431681	2.05422104316807	82.1688417267228	0.0
384.0242210431681	2.05422104316807	82.1688417267228	0.0
384.0369734037987	2.06697340379867	82.6789361519468	0.0

