Iteration number: 1092 [ ]
Timestep: 360.0 [s]
Time of simulation: 432000.0 [s]
Time of simulation: 7200.0 [min]
Initial volume: 4320.0 [ m^3]
Total volume: 4319.999999999991 [m^3]
Time convergence of CG: 0.025819494 [s]
PiezHead	AquifThick	WaterVolume	Source
[m]	[m]	[m^3]	[m^3/s]
401.01835878427516	0.018358784275164908	0.7343513710065963	0.0
400.0957315675341	0.0	-0.0	0.0
399.8391616257465	0.0	-0.0	0.0
399.780401022691	0.0	-0.0	0.0
399.7693158465275	0.0	-0.0	0.0
399.7675029928758	0.0	-0.0	0.0
399.76724186168104	0.0	-0.0	0.0
399.767241861681	0.0	-0.0	0.0
399.76750299287573	0.0	-0.0	0.0
399.7693158465275	0.0	-0.0	0.0
399.780401022691	0.0	-0.0	0.0
399.8391616257465	0.0	-0.0	0.0
400.0957315675341	0.0	-0.0	0.0
401.01835878427516	0.018358784275164908	0.7343513710065963	0.0
400.67427557321577	1.4042755732157843	56.17102292863137	0.0
400.0741718933735	0.8041718933735069	32.16687573494028	0.0
399.83916162574644	0.5691616257464602	22.76646502985841	0.0
399.780401022691	0.5104010226910418	20.416040907641673	0.0
399.7693158465275	0.4993158465275087	19.97263386110035	0.0
399.7675029928758	0.497502992875809	19.90011971503236	0.0
399.76724186168104	0.49724186168106144	19.889674467242457	0.0
399.767241861681	0.4972418616810046	19.889674467240184	0.0
399.76750299287573	0.49750299287575217	19.900119715030087	0.0
399.7693158465275	0.4993158465275087	19.97263386110035	0.0
399.780401022691	0.5104010226910418	20.416040907641673	0.0
399.83916162574644	0.5691616257464602	22.76646502985841	0.0
400.0741718933735	0.8041718933735069	32.16687573494028	0.0
400.67427557321577	1.4042755732157843	56.17102292863137	0.0
398.5042967379065	0.9642967379064658	38.57186951625863	0.0
398.3854702034416	0.8454702034416073	33.81880813766429	0.0
398.3785259671774	0.838525967177361	33.54103868709444	0.0
398.38641820010463	0.8464182001046083	33.85672800418433	0.0
398.38949886027063	0.8494988602706144	33.979954410824575	0.0
398.3901920392322	0.8501920392321836	34.00768156928734	0.0
398.3901920392322	0.8501920392321836	34.00768156928734	0.0
398.3894988602706	0.8494988602705575	33.9799544108223	0.0
398.3864182001046	0.8464182001045515	33.85672800418206	0.0
398.3785259671774	0.838525967177361	33.54103868709444	0.0
398.3854702034416	0.8454702034416073	33.81880813766429	0.0
398.50429673790643	0.9642967379064089	38.571869516256356	0.0
397.72911806622756	1.9191180662275542	76.76472264910217	0.0
397.09830793147324	1.2883079314732413	51.53231725892965	0.0
396.8506685331398	1.040668533139808	41.62674132559232	0.0
396.788419975677	0.9784199756770136	39.13679902708054	0.0
396.77474193435216	0.9647419343521619	38.58967737408648	0.0
396.77224795741887	0.9622479574188674	38.489918296754695	0.0
396.7722479574188	0.9622479574188105	38.48991829675242	0.0
396.77474193435216	0.9647419343521619	38.58967737408648	0.0
396.78841997567696	0.9784199756769567	39.13679902707827	0.0
396.85066853313975	1.0406685331397512	41.62674132559005	0.0
397.0983079314732	1.2883079314731845	51.53231725892738	0.0
397.72911806622756	1.9191180662275542	76.76472264910217	0.0
395.26839778056456	1.1883977805645713	47.535911222582854	0.0
395.1016675308843	1.021667530884315	40.8667012353726	0.0
395.06701899122885	0.9870189912288652	39.48075964915461	0.0
395.0695732171821	0.9895732171821123	39.58292868728449	0.0
395.0714380406981	0.9914380406981422	39.65752162792569	0.0
395.0714380406981	0.9914380406981422	39.65752162792569	0.0
395.0695732171821	0.9895732171821123	39.58292868728449	0.0
395.06701899122885	0.9870189912288652	39.48075964915461	0.0
395.1016675308842	1.0216675308842014	40.866701235368055	0.0
395.26839778056456	1.1883977805645713	47.535911222582854	0.0
394.3541491998233	2.0041491998233028	80.16596799293211	0.0
393.6926434325271	1.3426434325270975	53.7057373010839	0.0
393.42700403984367	1.0770040398436436	43.08016159374574	0.0
393.3608119708875	1.0108119708874597	40.43247883549839	0.0
393.35036368489097	1.0003636848909423	40.01454739563769	0.0
393.35036368489097	1.0003636848909423	40.01454739563769	0.0
393.3608119708875	1.0108119708874597	40.43247883549839	0.0
393.42700403984355	1.0770040398435299	43.080161593741195	0.0
393.692643432527	1.3426434325269838	53.70573730107935	0.0
394.35414919982327	2.004149199823246	80.16596799292984	0.0
391.83145452471985	1.2114545247198407	48.45818098879363	0.0
391.65826483059396	1.0382648305939597	41.53059322375839	0.0
391.61951585217315	0.9995158521731469	39.980634086925875	0.0
391.6181902873141	0.9981902873141166	39.927611492564665	0.0
391.6181902873141	0.9981902873141166	39.927611492564665	0.0
391.61951585217304	0.9995158521730332	39.98063408692133	0.0
391.6582648305939	1.0382648305939028	41.530593223756114	0.0
391.83145452471973	1.211454524719727	48.45818098878908	0.0
390.9002508085489	2.0102508085489035	80.41003234195614	0.0
390.2362770572505	1.3462770572505178	53.85108229002071	0.0
389.96932695779884	1.0793269577988553	43.173078311954214	0.0
389.9036394145513	1.013639414551335	40.5455765820534	0.0
389.9036394145513	1.013639414551335	40.5455765820534	0.0
389.9693269577988	1.0793269577987985	43.17307831195194	0.0
390.2362770572505	1.3462770572505178	53.85108229002071	0.0
390.9002508085489	2.0102508085489035	80.41003234195614	0.0
388.37311354038957	1.2131135403895428	48.52454161558171	0.0
388.1986593769882	1.0386593769881642	41.54637507952657	0.0
388.1587333297888	0.9987333297887631	39.94933319155052	0.0
388.15873332978884	0.9987333297888199	39.949333191552796	0.0
388.1986593769882	1.0386593769881642	41.54637507952657	0.0
388.37311354038957	1.2131135403895428	48.52454161558171	0.0
387.4462703810294	2.0162703810294147	80.65081524117659	0.0
386.8012276322847	1.371227632284672	54.84910529138688	0.0
386.5258172673839	1.095817267383893	43.83269069535572	0.0
386.5258172673839	1.095817267383893	43.83269069535572	0.0
386.80122763228474	1.3712276322847288	54.84910529138915	0.0
387.4462703810295	2.0162703810294715	80.65081524117886	0.0
385.07668782995376	1.3766878299537666	55.067513198150664	0.0
384.9903344016894	1.2903344016893925	51.6133760675757	0.0
384.9903344016894	1.2903344016893925	51.6133760675757	0.0
385.07668782995387	1.3766878299538803	55.06751319815521	0.0
384.5546466922727	2.5846466922726563	103.38586769090625	0.0
384.5261859199311	2.5561859199310675	102.2474367972427	0.0
384.52618591993115	2.5561859199311243	102.24743679724497	0.0
384.5546466922728	2.58464669227277	103.3858676909108	0.0

