0
1
14
0
1
2
15
1
2
3
16
2
3
4
17
3
4
5
18
4
5
6
19
5
6
7
20
6
7
8
21
7
8
9
22
8
9
10
23
9
10
11
24
10
11
12
25
11
12
13
26
12
13
27
0
14
15
1
14
15
16
28
2
15
16
17
29
3
16
17
18
30
4
17
18
19
31
5
18
19
20
32
6
19
20
21
33
7
20
21
22
34
8
21
22
23
35
9
22
23
24
36
10
23
24
25
37
11
24
25
26
38
12
25
26
27
39
13
26
27
15
28
29
40
16
28
29
30
41
17
29
30
31
42
18
30
31
32
43
19
31
32
33
44
20
32
33
34
45
21
33
34
35
46
22
34
35
36
47
23
35
36
37
48
24
36
37
38
49
25
37
38
39
50
26
38
39
51
28
40
41
29
40
41
42
52
30
41
42
43
53
31
42
43
44
54
32
43
44
45
55
33
44
45
46
56
34
45
46
47
57
35
46
47
48
58
36
47
48
49
59
37
48
49
50
60
38
49
50
51
61
39
50
51
41
52
53
62
42
52
53
54
63
43
53
54
55
64
44
54
55
56
65
45
55
56
57
66
46
56
57
58
67
47
57
58
59
68
48
58
59
60
69
49
59
60
61
70
50
60
61
71
52
62
63
53
62
63
64
72
54
63
64
65
73
55
64
65
66
74
56
65
66
67
75
57
66
67
68
76
58
67
68
69
77
59
68
69
70
78
60
69
70
71
79
61
70
71
63
72
73
80
64
72
73
74
81
65
73
74
75
82
66
74
75
76
83
67
75
76
77
84
68
76
77
78
85
69
77
78
79
86
70
78
79
87
72
80
81
73
80
81
82
88
74
81
82
83
89
75
82
83
84
90
76
83
84
85
91
77
84
85
86
92
78
85
86
87
93
79
86
87
81
88
89
94
82
88
89
90
95
83
89
90
91
96
84
90
91
92
97
85
91
92
93
98
86
92
93
99
88
94
95
89
94
95
96
100
90
95
96
97
101
91
96
97
98
102
92
97
98
99
103
93
98
99
95
100
101
104
96
100
101
102
105
97
101
102
103
106
98
102
103
107
100
104
105
101
104
105
106
102
105
106
107
103
106
107
