Iteration number: 52 
Timestep: 360.0 [s]
Time of simulation: 432000.0 [s]
Time of simulation: 7200.0 [min]
Initial volume: 4320.0 [ m^3]
Total volume: 4320.000000000111 [m^3]
Time convergence of CG: 0.004874115 [s]
PiezHead	AquifThick	WaterVolume	Source
[m]	[m]	[m^3]	[m^3/s]
401.9199095078693	0.9199095078693063	36.79638031477225	0.0
401.9209209027174	0.9209209027173983	36.836836108695934	0.0
401.92095309332575	0.9209530933257497	36.83812373302999	0.0
401.920953651701	0.9209536517009838	36.83814606803935	0.0
401.92095365864526	0.92095365864526	36.8381463458104	0.0
401.9209536587138	0.9209536587138132	36.83814634855253	0.0
401.92095365871427	0.9209536587142679	36.83814634857072	0.0
401.92095365871427	0.9209536587142679	36.83814634857072	0.0
401.9209536587138	0.9209536587138132	36.83814634855253	0.0
401.92095365864526	0.92095365864526	36.8381463458104	0.0
401.920953651701	0.9209536517009838	36.83814606803935	0.0
401.92095309332575	0.9209530933257497	36.83812373302999	0.0
401.9209209027174	0.9209209027173983	36.836836108695934	0.0
401.9199095078693	0.9199095078693063	36.79638031477225	0.0
400.3481244512048	1.0781244512048147	43.12497804819259	0.0
400.2700319009719	1.0000319009719192	40.00127603887677	0.0
400.26814374193776	0.9981437419377812	39.92574967751125	0.0
400.26811366901376	0.998113669013776	39.92454676055104	0.0
400.2681133008808	0.9981133008808456	39.924532035233824	0.0
400.2681132971976	0.9981132971976194	39.92453188790478	0.0
400.26811329716634	0.9981132971663556	39.92453188665422	0.0
400.26811329716634	0.9981132971663556	39.92453188665422	0.0
400.2681132971976	0.9981132971976194	39.92453188790478	0.0
400.2681133008808	0.9981133008808456	39.924532035233824	0.0
400.26811366901376	0.998113669013776	39.92454676055104	0.0
400.26814374193776	0.9981437419377812	39.92574967751125	0.0
400.2700319009719	1.0000319009719192	40.00127603887677	0.0
400.3481244512048	1.0781244512048147	43.12497804819259	0.0
398.53888056742005	0.9988805674200307	39.95522269680123	0.0
398.5399339863298	0.9999339863297791	39.997359453191166	0.0
398.53996879952615	0.9999687995261297	39.99875198104519	0.0
398.5399694181319	0.9999694181318546	39.99877672527418	0.0
398.5399694260263	0.9999694260262686	39.998777041050744	0.0
398.5399694261065	0.9999694261064747	39.998777044258986	0.0
398.5399694261065	0.9999694261064747	39.998777044258986	0.0
398.5399694260263	0.9999694260262686	39.998777041050744	0.0
398.5399694181319	0.9999694181318546	39.99877672527418	0.0
398.53996879952615	0.9999687995261297	39.99875198104519	0.0
398.5399339863298	0.9999339863297791	39.997359453191166	0.0
398.53888056742005	0.9988805674200307	39.95522269680123	0.0
396.89013375432376	1.0801337543237537	43.20535017295015	0.0
396.81187636745585	1.00187636745585	40.075054698234	0.0
396.81002839304404	1.0000283930440332	40.00113572176133	0.0
396.8099999691676	0.999999969167618	39.99999876670472	0.0
396.80999962537265	0.9999996253726522	39.99998501490609	0.0
396.809999621884	0.999999621884001	39.99998487536004	0.0
396.809999621884	0.999999621884001	39.99998487536004	0.0
396.8099996253727	0.999999625372709	39.99998501490836	0.0
396.8099999691676	0.999999969167618	39.99999876670472	0.0
396.81002839304404	1.0000283930440332	40.00113572176133	0.0
396.81187636745585	1.00187636745585	40.075054698234	0.0
396.89013375432376	1.0801337543237537	43.20535017295015	0.0
395.0789576415572	0.9989576415572401	39.958305662289604	0.0
395.07996630068357	0.9999663006835817	39.99865202734327	0.0
395.0799993950877	0.999999395087741	39.99997580350964	0.0
395.07999998844934	0.9999999884493604	39.99999953797442	0.0
395.07999999611275	0.9999999961127628	39.99999984451051	0.0
395.07999999611275	0.9999999961127628	39.99999984451051	0.0
395.07999998844934	0.9999999884493604	39.99999953797442	0.0
395.0799993950877	0.999999395087741	39.99997580350964	0.0
395.07996630068357	0.9999663006835817	39.99865202734327	0.0
395.0789576415572	0.9989576415572401	39.958305662289604	0.0
393.43013476626817	1.080134766268145	43.2053906507258	0.0
393.35187676398846	1.0018767639884345	40.07507055953738	0.0
393.3500287657441	1.000028765744105	40.0011506297642	0.0
393.3500003415058	1.0000003415057677	40.00001366023071	0.0
393.35000000332656	1.0000000033265337	40.00000013306135	0.0
393.35000000332656	1.0000000033265337	40.00000013306135	0.0
393.3500003415058	1.0000003415057677	40.00001366023071	0.0
393.3500287657441	1.000028765744105	40.0011506297642	0.0
393.35187676398846	1.0018767639884345	40.07507055953738	0.0
393.43013476626817	1.080134766268145	43.2053906507258	0.0
391.6189576516255	0.998957651625517	39.95830606502068	0.0
391.61996631025283	0.9999663102528302	39.99865241011321	0.0
391.61999940460055	0.999999404600544	39.99997618402176	0.0
391.61999999236156	0.9999999923615519	39.999999694462076	0.0
391.61999999236156	0.9999999923615519	39.999999694462076	0.0
391.61999940460055	0.999999404600544	39.99997618402176	0.0
391.61996631025283	0.9999663102528302	39.99865241011321	0.0
391.6189576516255	0.998957651625517	39.95830606502068	0.0
389.97013476635897	1.0801347663589809	43.205390654359235	0.0
389.8918767640696	1.001876764069607	40.075070562784276	0.0
389.8900287658931	1.0000287658930915	40.00115063572366	0.0
389.8900003459813	1.0000003459813342	40.00001383925337	0.0
389.8900003459813	1.0000003459813342	40.00001383925337	0.0
389.8900287658931	1.0000287658930915	40.00115063572366	0.0
389.89187676406954	1.00187676406955	40.075070562782	0.0
389.97013476635897	1.0801347663589809	43.205390654359235	0.0
388.15895765168005	0.9989576516800298	39.95830606720119	0.0
388.15996631448286	0.9999663144828332	39.99865257931333	0.0
388.1599995190019	0.9999995190018467	39.99998076007387	0.0
388.1599995190019	0.9999995190018467	39.99998076007387	0.0
388.15996631448286	0.9999663144828332	39.99865257931333	0.0
388.15895765168005	0.9989576516800298	39.95830606720119	0.0
386.5101347602424	1.0801347602424016	43.205390409696065	0.0
386.4318761785355	1.0018761785354968	40.07504714141987	0.0
386.4300118989743	1.0000118989743214	40.00047595897286	0.0
386.4300118989743	1.0000118989743214	40.00047595897286	0.0
386.4318761785355	1.0018761785354968	40.07504714141987	0.0
386.5101347602424	1.0801347602424016	43.205390409696065	0.0
384.6989245189042	0.9989245189042322	39.95698075616929	0.0
384.6988481597325	0.9988481597325176	39.953926389300705	0.0
384.6988481597325	0.9988481597325176	39.953926389300705	0.0
384.6989245189042	0.9989245189042322	39.95698075616929	0.0
383.0521364402746	1.082136440274553	43.28545761098212	0.0
383.0521354494577	1.0821354494576667	43.28541797830667	0.0
383.0521354494577	1.0821354494576667	43.28541797830667	0.0
383.05213644027464	1.0821364402746099	43.285457610984395	0.0

