Iteration number: 163 
Timestep: 360.0 [s]
Time of simulation: 432000.0 [s]
Time of simulation: 7200.0 [min]
Initial volume: 4320.0 [ m^3]
Total volume: 4320.000000000023 [m^3]
Time convergence of CG: 0.00483256 [s]
PiezHead	AquifThick	WaterVolume	Source
[m]	[m]	[m^3]	[m^3/s]
401.7578675189679	0.7578675189678847	30.31470075871539	0.0
401.76376736613594	0.7637673661359372	30.55069464543749	0.0
401.76445728399625	0.7644572839962507	30.578291359850027	0.0
401.7644941352036	0.7644941352036199	30.579765408144794	0.0
401.76449548945214	0.7644954894521447	30.57981957808579	0.0
401.7644955282532	0.7644955282531782	30.57982113012713	0.0
401.76449552917245	0.76449552917245	30.579821166898	0.0
401.76449552917245	0.76449552917245	30.579821166898	0.0
401.7644955282532	0.7644955282531782	30.57982113012713	0.0
401.76449548945214	0.7644954894521447	30.57981957808579	0.0
401.7644941352036	0.7644941352036199	30.579765408144794	0.0
401.76445728399625	0.7644572839962507	30.578291359850027	0.0
401.76376736613594	0.7637673661359372	30.55069464543749	0.0
401.7578675189679	0.7578675189678847	30.31470075871539	0.0
400.4925986333838	1.222598633383825	48.903945335353	0.0
400.27058977022796	1.0005897702279754	40.023590809119014	0.0
400.2534619810331	0.9834619810331446	39.338479241325786	0.0
400.25264394019666	0.9826439401966809	39.305757607867235	0.0
400.2526141209368	0.9826141209368302	39.30456483747321	0.0
400.252613234834	0.9826132348339911	39.304529393359644	0.0
400.2526132126054	0.982613212605429	39.30452850421716	0.0
400.2526132126054	0.982613212605429	39.30452850421716	0.0
400.252613234834	0.9826132348339911	39.304529393359644	0.0
400.2526141209368	0.9826141209368302	39.30456483747321	0.0
400.25264394019666	0.9826439401966809	39.305757607867235	0.0
400.2534619810331	0.9834619810331446	39.338479241325786	0.0
400.27058977022796	1.0005897702279754	40.023590809119014	0.0
400.4925986333838	1.222598633383825	48.903945335353	0.0
398.53150925126243	0.9915092512624142	39.66037005049657	0.0
398.5382173638418	0.9982173638417748	39.928694553670994	0.0
398.53908248843516	0.9990824884351355	39.96329953740542	0.0
398.5391317245056	0.9991317245055598	39.96526898022239	0.0
398.5391336662471	0.9991336662470758	39.96534664988303	0.0
398.5391337267709	0.9991337267708786	39.965349070835146	0.0
398.5391337267709	0.9991337267708786	39.965349070835146	0.0
398.5391336662471	0.9991336662470758	39.96534664988303	0.0
398.5391317245056	0.9991317245055598	39.96526898022239	0.0
398.53908248843516	0.9990824884351355	39.96329953740542	0.0
398.5382173638418	0.9982173638417748	39.928694553670994	0.0
398.53150925126243	0.9915092512624142	39.66037005049657	0.0
397.05302586074174	1.2430258607417386	49.721034429669544	0.0
396.82712772147573	1.017127721475731	40.68510885902924	0.0
396.81069948079977	1.0006994807997671	40.027979231990685	0.0
396.80999303010236	0.9999930301023596	39.999721204094385	0.0
396.8099683198126	0.9999683198125808	39.99873279250323	0.0
396.80996755379704	0.9999675537970347	39.99870215188139	0.0
396.80996755379704	0.9999675537970347	39.99870215188139	0.0
396.80996831981264	0.9999683198126377	39.99873279250551	0.0
396.80999303010236	0.9999930301023596	39.999721204094385	0.0
396.81069948079977	1.0006994807997671	40.027979231990685	0.0
396.82712772147573	1.017127721475731	40.68510885902924	0.0
397.05302586074174	1.2430258607417386	49.721034429669544	0.0
395.07357534890303	0.9935753489030503	39.74301395612201	0.0
395.0792159182911	0.9992159182910996	39.96863673164398	0.0
395.079953646454	0.9999536464540029	39.998145858160115	0.0
395.07999718575087	0.9999971857508854	39.999887430035415	0.0
395.0799989643232	0.999998964323197	39.99995857292788	0.0
395.0799989643232	0.999998964323197	39.99995857292788	0.0
395.07999718575087	0.9999971857508854	39.999887430035415	0.0
395.079953646454	0.9999536464540029	39.998145858160115	0.0
395.0792159182911	0.9992159182910996	39.96863673164398	0.0
395.07357534890303	0.9935753489030503	39.74301395612201	0.0
393.5931192012914	1.2431192012913925	49.7247680516557	0.0
393.36716529837554	1.0171652983755166	40.686611935020665	0.0
393.3507307468726	1.0007307468725912	40.02922987490365	0.0
393.3500240159219	1.0000240159218947	40.00096063687579	0.0
393.35000064046073	1.000000640460712	40.00002561842848	0.0
393.35000064046073	1.000000640460712	40.00002561842848	0.0
393.3500240159219	1.0000240159218947	40.00096063687579	0.0
393.3507307468726	1.0007307468725912	40.02922987490365	0.0
393.36716529837554	1.0171652983755166	40.686611935020665	0.0
393.5931192012914	1.2431192012913925	49.7247680516557	0.0
391.61357820121333	0.9935782012133245	39.74312804853298	0.0
391.6192183576758	0.9992183576757725	39.9687343070309	0.0
391.61995602940556	0.9999560294055527	39.99824117622211	0.0
391.61999823685187	0.9999982368518658	39.999929474074634	0.0
391.6199982368519	0.9999982368519227	39.99992947407691	0.0
391.6199560294056	0.9999560294056096	39.99824117622438	0.0
391.6192183576758	0.9992183576757725	39.9687343070309	0.0
391.61357820121333	0.9935782012133245	39.74312804853298	0.0
390.1331192870988	1.243119287098807	49.72477148395228	0.0
389.9071653614698	1.0171653614698357	40.68661445879343	0.0
389.89073085401526	1.0007308540152735	40.02923416061094	0.0
389.8900250012685	1.0000250012685115	40.00100005074046	0.0
389.8900250012685	1.0000250012685115	40.00100005074046	0.0
389.89073085401526	1.0007308540152735	40.02923416061094	0.0
389.9071653614698	1.0171653614698357	40.68661445879343	0.0
390.1331192870988	1.243119287098807	49.72477148395228	0.0
388.15357824048397	0.9935782404839415	39.74312961935766	0.0
388.15921940772944	0.999219407729413	39.96877630917652	0.0
388.1599648926947	0.9999648926946634	39.998595707786535	0.0
388.1599648926947	0.9999648926946634	39.998595707786535	0.0
388.15921940772944	0.999219407729413	39.96877630917652	0.0
388.15357824048397	0.9935782404839415	39.74312961935766	0.0
386.6731177496639	1.2431177496638952	49.72470998655581	0.0
386.4471252360449	1.0171252360448761	40.685009441795046	0.0
386.4303436889631	1.0003436889630848	40.01374755852339	0.0
386.4303436889631	1.0003436889630848	40.01374755852339	0.0
386.4471252360449	1.0171252360448761	40.685009441795046	0.0
386.6731177496639	1.2431177496638952	49.72470998655581	0.0
384.6928934887753	0.9928934887753371	39.715739551013485	0.0
384.6908990339714	0.9908990339714023	39.63596135885609	0.0
384.6908990339714	0.9908990339714023	39.63596135885609	0.0
384.6928934887753	0.9928934887753371	39.715739551013485	0.0
383.23358795339146	1.2635879533914363	50.54351813565745	0.0
383.23350008044747	1.263500080447443	50.54000321789772	0.0
383.23350008044747	1.263500080447443	50.54000321789772	0.0
383.2335879533915	1.263587953391493	50.543518135659724	0.0

