Iteration number: 517 
Timestep: 360.0 [s]
Time of simulation: 432000.0 [s]
Time of simulation: 7200.0 [min]
Initial volume: 4320.0 [ m^3]
Total volume: 4320.000000000064 [m^3]
Time convergence of CG: 0.005348987 [s]
PiezHead	AquifThick	WaterVolume	Source
[m]	[m]	[m^3]	[m^3/s]
401.3667194775488	0.36671947754882694	14.668779101953078	0.0
401.35630948414007	0.3563094841400698	14.252379365602792	0.0
401.3619215952643	0.3619215952642776	14.476863810571103	0.0
401.3630512855865	0.3630512855864936	14.522051423459743	0.0
401.3631705965756	0.3631705965756282	14.526823863025129	0.0
401.36318002188654	0.3631800218865351	14.527200875461403	0.0
401.363180638417	0.3631806384170204	14.527225536680817	0.0
401.363180638417	0.3631806384170204	14.527225536680817	0.0
401.36318002188654	0.3631800218865351	14.527200875461403	0.0
401.3631705965756	0.3631705965756282	14.526823863025129	0.0
401.36305128558644	0.36305128558643673	14.52205142345747	0.0
401.3619215952643	0.3619215952642776	14.476863810571103	0.0
401.35630948414007	0.3563094841400698	14.252379365602792	0.0
401.3667194775488	0.36671947754882694	14.668779101953078	0.0
400.72352877101684	1.4535287710168632	58.14115084067453	0.0
400.26181838791103	0.9918183879110529	39.67273551644212	0.0
400.14631399539866	0.8763139953986752	35.052559815947006	0.0
400.1295525968654	0.8595525968653988	34.38210387461595	0.0
400.12777650679755	0.8577765067975633	34.311060271902534	0.0
400.1276205789682	0.8576205789682376	34.304823158729505	0.0
400.127608863012	0.8576088630119898	34.30435452047959	0.0
400.127608863012	0.8576088630119898	34.30435452047959	0.0
400.1276205789683	0.8576205789682945	34.30482315873178	0.0
400.12777650679755	0.8577765067975633	34.311060271902534	0.0
400.1295525968654	0.8595525968653988	34.38210387461595	0.0
400.14631399539866	0.8763139953986752	35.052559815947006	0.0
400.26181838791103	0.9918183879110529	39.67273551644212	0.0
400.72352877101684	1.4535287710168632	58.14115084067453	0.0
398.51303753496256	0.9730375349625433	38.92150139850173	0.0
398.5055995101947	0.9655995101946928	38.62398040778771	0.0
398.51481680651324	0.9748168065132177	38.99267226052871	0.0
398.5169383988505	0.9769383988505069	39.07753595402028	0.0
398.51721928794854	0.9772192879485146	39.088771517940586	0.0
398.517247500035	0.9772475000349914	39.089900001399656	0.0
398.517247500035	0.9772475000349914	39.089900001399656	0.0
398.51721928794854	0.9772192879485146	39.088771517940586	0.0
398.5169383988505	0.9769383988505069	39.07753595402028	0.0
398.5148168065132	0.9748168065131608	38.99267226052643	0.0
398.5055995101947	0.9655995101946928	38.62398040778771	0.0
398.51303753496256	0.9730375349625433	38.92150139850173	0.0
397.44605872278976	1.6360587227897554	65.44234891159022	0.0
396.937297008351	1.127297008350979	45.09188033403916	0.0
396.8225970440767	1.0125970440766991	40.503881763067966	0.0
396.80884409694187	0.9988440969418662	39.953763877674646	0.0
396.80742318038233	0.9974231803823272	39.89692721529309	0.0
396.80728686646415	0.997286866464151	39.89147465856604	0.0
396.8072868664641	0.9972868664640941	39.891474658563766	0.0
396.80742318038233	0.9974231803823272	39.89692721529309	0.0
396.80884409694187	0.9988440969418662	39.953763877674646	0.0
396.8225970440767	1.0125970440766991	40.503881763067966	0.0
396.937297008351	1.127297008350979	45.09188033403916	0.0
397.44605872278976	1.6360587227897554	65.44234891159022	0.0
395.0992915727416	1.019291572741622	40.77166290966488	0.0
395.0740843268666	0.9940843268666413	39.76337307466565	0.0
395.0779869711199	0.9979869711199285	39.91947884479714	0.0
395.07949330603856	0.9994933060385733	39.97973224154293	0.0
395.0797143683862	0.9997143683862078	39.98857473544831	0.0
395.0797143683862	0.9997143683862078	39.98857473544831	0.0
395.07949330603856	0.9994933060385733	39.97973224154293	0.0
395.0779869711199	0.9979869711199285	39.91947884479714	0.0
395.0740843268666	0.9940843268666413	39.76337307466565	0.0
395.0992915727416	1.019291572741622	40.77166290966488	0.0
393.99392959554206	1.6439295955420334	65.75718382168134	0.0
393.4811524727476	1.1311524727476012	45.24609890990405	0.0
393.36516284692914	1.0151628469291154	40.606513877164616	0.0
393.35124865670826	1.001248656708242	40.04994626832968	0.0
393.350071570979	1.000071570979003	40.002862839160116	0.0
393.350071570979	1.000071570979003	40.002862839160116	0.0
393.35124865670826	1.001248656708242	40.04994626832968	0.0
393.36516284692914	1.0151628469291154	40.606513877164616	0.0
393.48115247274757	1.1311524727475444	45.246098909901775	0.0
393.99392959554194	1.6439295955419198	65.75718382167679	0.0
391.6401476932027	1.0201476932027163	40.80590772810865	0.0
391.61468369478365	0.9946836947836459	39.78734779134584	0.0
391.6185264982539	0.9985264982539093	39.94105993015637	0.0
391.6197860295692	0.9997860295691794	39.991441182767176	0.0
391.6197860295692	0.9997860295691794	39.991441182767176	0.0
391.61852649825386	0.9985264982538524	39.9410599301541	0.0
391.61468369478365	0.9946836947836459	39.78734779134584	0.0
391.64014769320266	1.0201476932026594	40.80590772810638	0.0
390.534026597692	1.6440265976920045	65.76106390768018	0.0
390.02120622652484	1.1312062265248528	45.24824906099411	0.0
389.90521638250397	1.0152163825039793	40.60865530015917	0.0
389.8913919277252	1.0013919277251944	40.055677109007775	0.0
389.8913919277252	1.0013919277251944	40.055677109007775	0.0
389.9052163825039	1.0152163825039224	40.6086553001569	0.0
390.02120622652484	1.1312062265248528	45.24824906099411	0.0
390.534026597692	1.6440265976920045	65.76106390768018	0.0
388.1801581494557	1.0201581494556535	40.80632597822614	0.0
388.15473497285	0.994734972849983	39.78939891399932	0.0
388.1586607925195	0.9986607925195017	39.94643170078007	0.0
388.1586607925195	0.9986607925195017	39.94643170078007	0.0
388.15473497285	0.994734972849983	39.78939891399932	0.0
388.18015814945574	1.0201581494557104	40.806325978228415	0.0
387.0739454836358	1.6439454836357754	65.75781934543102	0.0
386.56115388893585	1.1311538889358417	45.24615555743367	0.0
386.4438616435723	1.0138616435722838	40.55446574289135	0.0
386.4438616435723	1.0138616435722838	40.55446574289135	0.0
386.56115388893585	1.1311538889358417	45.24615555743367	0.0
387.07394548363584	1.6439454836358323	65.75781934543329	0.0
384.7277443512251	1.0277443512251239	41.109774049004955	0.0
384.6915681254178	0.9915681254178139	39.66272501671256	0.0
384.6915681254178	0.9915681254178139	39.66272501671256	0.0
384.72774435122517	1.0277443512251807	41.10977404900723	0.0
383.8053959228469	1.8353959228468852	73.41583691387541	0.0
383.79953717432875	1.8295371743287205	73.18148697314882	0.0
383.79953717432875	1.8295371743287205	73.18148697314882	0.0
383.80539592284697	1.835395922846942	73.41583691387768	0.0

