Iteration number: 643 
Timestep: 360.0 [s]
Time of simulation: 432000.0 [s]
Time of simulation: 7200.0 [min]
Initial volume: 4320.0 [ m^3]
Total volume: 4320.000000000002 [m^3]
Time convergence of CG: 0.008458568 [s]
PiezHead	AquifThick	WaterVolume	Source
[m]	[m]	[m^3]	[m^3/s]
401.2694238881988	0.26942388819878715	10.776955527951486	0.0
401.24078316675593	0.24078316675593214	9.631326670237286	0.0
401.24756091050403	0.24756091050403484	9.902436420161393	0.0
401.24951621063514	0.24951621063513585	9.980648425405434	0.0
401.24976656213335	0.24976656213334536	9.990662485333814	0.0
401.24979017949227	0.24979017949226545	9.991607179690618	0.0
401.2497920349308	0.24979203493080604	9.991681397232242	0.0
401.2497920349308	0.24979203493080604	9.991681397232242	0.0
401.24979017949227	0.24979017949226545	9.991607179690618	0.0
401.24976656213335	0.24976656213334536	9.990662485333814	0.0
401.2495162106351	0.249516210635079	9.98064842540316	0.0
401.24756091050403	0.24756091050403484	9.902436420161393	0.0
401.24078316675593	0.24078316675593214	9.631326670237286	0.0
401.2694238881988	0.26942388819878715	10.776955527951486	0.0
400.74066146155286	1.4706614615528792	58.82645846211517	0.0
400.247988781595	0.9779887815950019	39.119551263800076	0.0
400.09710916479025	0.8271091647902722	33.08436659161089	0.0
400.0702800034428	0.8002800034428219	32.011200137712876	0.0
400.0668568703931	0.7968568703931282	31.87427481572513	0.0
400.0664939242592	0.7964939242592095	31.85975697036838	0.0
400.0664607981876	0.7964607981876384	31.858431927505535	0.0
400.0664607981876	0.7964607981876384	31.858431927505535	0.0
400.06649392425925	0.7964939242592664	31.859756970370654	0.0
400.0668568703931	0.7968568703931282	31.87427481572513	0.0
400.07028000344286	0.8002800034428788	32.01120013771515	0.0
400.09710916479025	0.8271091647902722	33.08436659161089	0.0
400.247988781595	0.9779887815950019	39.119551263800076	0.0
400.74066146155286	1.4706614615528792	58.82645846211517	0.0
398.5117073446538	0.9717073446537938	38.86829378615175	0.0
398.48467334481126	0.9446733448112354	37.78693379244942	0.0
398.4951581303359	0.9551581303358603	38.20632521343441	0.0
398.4987715450926	0.9587715450925884	38.35086180370354	0.0
398.4993942605267	0.9593942605266648	38.37577042106659	0.0
398.4994728940731	0.9594728940730874	38.3789157629235	0.0
398.4994728940731	0.9594728940730874	38.3789157629235	0.0
398.4993942605267	0.9593942605266648	38.37577042106659	0.0
398.4987715450926	0.9587715450925884	38.35086180370354	0.0
398.49515813033577	0.9551581303357466	38.206325213429864	0.0
398.48467334481114	0.9446733448111218	37.78693379244487	0.0
398.51170734465376	0.971707344653737	38.86829378614948	0.0
397.5382304297295	1.7282304297294786	69.12921718917914	0.0
396.98149157708804	1.1714915770880339	46.859663083521355	0.0
396.8296370913817	1.0196370913816963	40.78548365526785	0.0
396.8072010632676	0.997201063267596	39.88804253070384	0.0
396.80429763050654	0.9942976305065372	39.77190522026149	0.0
396.80395986981875	0.9939598698187524	39.758394792750096	0.0
396.80395986981864	0.9939598698186387	39.75839479274555	0.0
396.80429763050654	0.9942976305065372	39.77190522026149	0.0
396.8072010632676	0.997201063267596	39.88804253070384	0.0
396.8296370913817	1.0196370913816963	40.78548365526785	0.0
396.98149157708804	1.1714915770880339	46.859663083521355	0.0
397.5382304297295	1.7282304297294786	69.12921718917914	0.0
395.13001210314155	1.0500121031415688	42.00048412566275	0.0
395.0753408337379	0.9953408337379415	39.81363334951766	0.0
395.0763526293009	0.9963526293009295	39.85410517203718	0.0
395.0787356843432	0.9987356843432167	39.94942737372867	0.0
395.07920361114367	0.9992036111436846	39.968144445747384	0.0
395.07920361114367	0.9992036111436846	39.968144445747384	0.0
395.0787356843432	0.9987356843432167	39.94942737372867	0.0
395.07635262930097	0.9963526293009863	39.85410517203945	0.0
395.0753408337379	0.9953408337379415	39.81363334951766	0.0
395.13001210314155	1.0500121031415688	42.00048412566275	0.0
394.09517768987234	1.745177689872321	69.80710759489284	0.0
393.53035312489783	1.180353124897806	47.21412499591224	0.0
393.3753711460454	1.0253711460453587	41.01484584181435	0.0
393.35245135297134	1.0024513529713204	40.098054118852815	0.0
393.3501465756258	1.000146575625763	40.00586302503052	0.0
393.3501465756258	1.000146575625763	40.00586302503052	0.0
393.35245135297134	1.0024513529713204	40.098054118852815	0.0
393.3753711460453	1.0253711460453019	41.014845841812075	0.0
393.5303531248978	1.1803531248977492	47.21412499590997	0.0
394.0951776898723	1.7451776898722642	69.80710759489057	0.0
391.67240675193426	1.0524067519342566	42.096270077370264	0.0
391.6169806991123	0.9969806991122709	39.87922796449084	0.0
391.61778328283754	0.9977832828375313	39.91133131350125	0.0
391.6195518213769	0.9995518213768833	39.98207285507533	0.0
391.61955182137683	0.9995518213768264	39.982072855073056	0.0
391.6177832828375	0.9977832828374744	39.91133131349898	0.0
391.6169806991123	0.9969806991122709	39.87922796449084	0.0
391.67240675193426	1.0524067519342566	42.096270077370264	0.0
390.635525928281	1.7455259282810403	69.82103713124161	0.0
390.07054323212583	1.1805432321258422	47.22172928503369	0.0
389.9155332470455	1.02553324704553	41.0213298818212	0.0
389.89279019741736	1.0027901974173687	40.11160789669475	0.0
389.89279019741736	1.0027901974173687	40.11160789669475	0.0
389.91553324704546	1.0255332470454732	41.02132988181893	0.0
390.07054323212583	1.1805432321258422	47.22172928503369	0.0
390.635525928281	1.7455259282810403	69.82103713124161	0.0
388.21244855305144	1.0524485530514198	42.09794212205679	0.0
388.15702634864266	0.9970263486426347	39.88105394570539	0.0
388.1577934946957	0.9977934946956566	39.911739787826264	0.0
388.1577934946957	0.9977934946956566	39.911739787826264	0.0
388.15702634864266	0.9970263486426347	39.88105394570539	0.0
388.21244855305144	1.0524485530514198	42.09794212205679	0.0
387.1755813163354	1.7455813163354037	69.82325265341615	0.0
386.6121142944371	1.182114294437099	47.28457177748396	0.0
386.45748803492125	1.027488034921248	41.09952139684992	0.0
386.45748803492125	1.027488034921248	41.09952139684992	0.0
386.61211429443716	1.1821142944371559	47.284571777486235	0.0
387.17558131633547	1.7455813163354605	69.82325265341842	0.0
384.7770433465919	1.0770433465918927	43.08173386367571	0.0
384.72186945679596	1.0218694567959687	40.87477827183875	0.0
384.72186945679596	1.0218694567959687	40.87477827183875	0.0
384.77704334659194	1.0770433465919496	43.08173386367798	0.0
383.98950521075176	2.0195052107517313	80.78020843006925	0.0
383.97839089441	2.008390894409956	80.33563577639825	0.0
383.97839089441	2.008390894409956	80.33563577639825	0.0
383.9895052107518	2.019505210751788	80.78020843007153	0.0

