Iteration number: 695 
Timestep: 360.0 [s]
Time of simulation: 432000.0 [s]
Time of simulation: 7200.0 [min]
Initial volume: 4320.0 [ m^3]
Total volume: 4320.0000000000855 [m^3]
Time convergence of CG: 0.005378849 [s]
PiezHead	AquifThick	WaterVolume	Source
[m]	[m]	[m^3]	[m^3/s]
401.2339346894674	0.2339346894673895	9.35738757869558	0.0
401.19682818834633	0.19682818834633053	7.873127533853221	0.0
401.20397670500216	0.20397670500216236	8.159068200086494	0.0
401.20635657930154	0.2063565793015414	8.254263172061655	0.0
401.206682264091	0.20668226409100043	8.267290563640017	0.0
401.2067149422741	0.20671494227411813	8.268597690964725	0.0
401.20671768169683	0.2067176816968299	8.268707267873197	0.0
401.20671768169683	0.2067176816968299	8.268707267873197	0.0
401.2067149422741	0.20671494227411813	8.268597690964725	0.0
401.206682264091	0.20668226409100043	8.267290563640017	0.0
401.2063565793015	0.20635657930148454	8.254263172059382	0.0
401.20397670500216	0.20397670500216236	8.159068200086494	0.0
401.19682818834633	0.19682818834633053	7.873127533853221	0.0
401.2339346894674	0.2339346894673895	9.35738757869558	0.0
400.7415312359467	1.4715312359467134	58.86124943786854	0.0
400.2404234720072	0.9704234720072122	38.81693888028849	0.0
400.07604903886875	0.806049038868764	32.24196155475056	0.0
400.0446889294793	0.7746889294793391	30.987557179173564	0.0
400.04042216805004	0.7704221680500609	30.816886722002437	0.0
400.03993931718446	0.7699393171844804	30.797572687379215	0.0
400.03989216683163	0.769892166831653	30.79568667326612	0.0
400.0398921668317	0.7698921668317098	30.795686673268392	0.0
400.0399393171845	0.7699393171845372	30.79757268738149	0.0
400.04042216805004	0.7704221680500609	30.816886722002437	0.0
400.0446889294794	0.7746889294793959	30.987557179175838	0.0
400.07604903886875	0.806049038868764	32.24196155475056	0.0
400.2404234720072	0.9704234720072122	38.81693888028849	0.0
400.7415312359467	1.4715312359467134	58.86124943786854	0.0
398.51119948027923	0.9711994802792105	38.84797921116842	0.0
398.47500152278946	0.9350015227894346	37.400060911577384	0.0
398.4852901916948	0.9452901916947667	37.81160766779067	0.0
398.4895556500516	0.9495556500515931	37.982226002063726	0.0
398.4903687685449	0.9503687685448767	38.01475074179507	0.0
398.49048028418406	0.9504802841840387	38.01921136736155	0.0
398.49048028418406	0.9504802841840387	38.01921136736155	0.0
398.4903687685449	0.9503687685448767	38.01475074179507	0.0
398.48955565005156	0.9495556500515363	37.98222600206145	0.0
398.48529019169473	0.9452901916947098	37.811607667788394	0.0
398.47500152278934	0.9350015227893209	37.40006091157284	0.0
398.5111994802792	0.9711994802791537	38.84797921116615	0.0
397.57023622017294	1.760236220172942	70.40944880691768	0.0
396.9987117169999	1.188711716999876	47.54846867999504	0.0
396.83266311020265	1.022663110202643	40.906524408105724	0.0
396.80619574637495	0.9961957463749513	39.847829854998054	0.0
396.80246999581016	0.9924699958101542	39.698799832406166	0.0
396.8020071678936	0.9920071678935756	39.68028671574302	0.0
396.8020071678935	0.9920071678935187	39.68028671574075	0.0
396.80246999581016	0.9924699958101542	39.698799832406166	0.0
396.80619574637495	0.9961957463749513	39.847829854998054	0.0
396.8326631102026	1.0226631102025863	40.90652440810345	0.0
396.9987117169999	1.188711716999876	47.54846867999504	0.0
397.57023622017294	1.760236220172942	70.40944880691768	0.0
395.1448438253989	1.0648438253988957	42.593753015955826	0.0
395.07673312058984	0.9967331205898518	39.86932482359407	0.0
395.07553386514627	0.9955338651462853	39.82135460585141	0.0
395.07825880935104	0.9982588093510572	39.930352374042286	0.0
395.0788582755128	0.9988582755128164	39.954331020512655	0.0
395.0788582755128	0.9988582755128164	39.954331020512655	0.0
395.07825880935104	0.9982588093510572	39.930352374042286	0.0
395.0755338651463	0.9955338651463421	39.821354605853685	0.0
395.07673312058984	0.9967331205898518	39.86932482359407	0.0
395.1448438253989	1.0648438253988957	42.593753015955826	0.0
394.13227707016114	1.7822770701611148	71.29108280644459	0.0
393.5505290293427	1.2005290293427038	48.02116117370815	0.0
393.38026653757674	1.030266537576722	41.21066150306888	0.0
393.353094258605	1.0030942586049605	40.12377034419842	0.0
393.35018436434376	1.0001843643437383	40.00737457374953	0.0
393.35018436434376	1.0001843643437383	40.00737457374953	0.0
393.353094258605	1.0030942586049605	40.12377034419842	0.0
393.38026653757674	1.030266537576722	41.21066150306888	0.0
393.55052902934267	1.200529029342647	48.02116117370588	0.0
394.1322770701611	1.782277070161058	71.29108280644232	0.0
391.68826487486064	1.0682648748606312	42.730594994425246	0.0
391.61906921336094	0.99906921336094	39.9627685344376	0.0
391.61754713301167	0.9975471330116648	39.90188532046659	0.0
391.61942838921783	0.999428389217826	39.97713556871304	0.0
391.6194283892178	0.9994283892177691	39.977135568710764	0.0
391.6175471330116	0.9975471330116079	39.90188532046432	0.0
391.61906921336094	0.99906921336094	39.9627685344376	0.0
391.68826487486064	1.0682648748606312	42.730594994425246	0.0
390.67282058879607	1.7828205887960848	71.3128235518434	0.0
390.09082621553466	1.2008262155346756	48.033048621387024	0.0
389.92050667009204	1.030506670092052	41.22026680368208	0.0
389.89355278300974	1.0035527830097521	40.142111320390086	0.0
389.89355278300974	1.0035527830097521	40.142111320390086	0.0
389.920506670092	1.0305066700919951	41.220266803679806	0.0
390.09082621553466	1.2008262155346756	48.033048621387024	0.0
390.67282058879607	1.7828205887960848	71.3128235518434	0.0
388.2283369849568	1.0683369849567725	42.7334793982709	0.0
388.15910061430435	0.9991006143043251	39.964024572173	0.0
388.15743697391713	0.9974369739171038	39.897478956684154	0.0
388.15743697391713	0.9974369739171038	39.897478956684154	0.0
388.1591006143043	0.9991006143042682	39.96402457217073	0.0
388.2283369849568	1.0683369849567725	42.7334793982709	0.0
387.21304111486415	1.7830411148641474	71.3216445945659	0.0
386.6336447114914	1.2036447114913926	48.145788459655705	0.0
386.4648039082351	1.0348039082351193	41.39215632940477	0.0
386.46480390823507	1.0348039082350624	41.392156329402496	0.0
386.6336447114914	1.2036447114913926	48.145788459655705	0.0
387.2130411148642	1.7830411148642042	71.32164459456817	0.0
384.8029221020782	1.102922102078196	44.11688408312784	0.0
384.7399636433467	1.0399636433467094	41.59854573386838	0.0
384.7399636433467	1.0399636433467094	41.59854573386838	0.0
384.80292210207824	1.102922102078253	44.11688408313012	0.0
384.06173116843587	2.0917311684358424	83.6692467374337	0.0
384.0480865209143	2.078086520914269	83.12346083657076	0.0
384.0480865209143	2.078086520914269	83.12346083657076	0.0
384.0617311684359	2.0917311684358992	83.66924673743597	0.0

