Iteration number: 706 
Timestep: 360.0 [s]
Time of simulation: 432000.0 [s]
Time of simulation: 7200.0 [min]
Initial volume: 4320.0 [ m^3]
Total volume: 4320.000000000062 [m^3]
Time convergence of CG: 0.005008456 [s]
PiezHead	AquifThick	WaterVolume	Source
[m]	[m]	[m^3]	[m^3/s]
401.2267306163797	0.2267306163797116	9.069224655188464	0.0
401.1877868207023	0.1877868207022857	7.511472828091428	0.0
401.1950088894884	0.1950088894884061	7.8003555795362445	0.0
401.19748587715236	0.19748587715236	7.8994350860944	0.0
401.1978293667472	0.1978293667472144	7.913174669888576	0.0
401.19786425911127	0.19786425911127026	7.91457036445081	0.0
401.19786722266537	0.19786722266536572	7.914688906614629	0.0
401.19786722266537	0.19786722266536572	7.914688906614629	0.0
401.19786425911127	0.19786425911127026	7.91457036445081	0.0
401.1978293667472	0.1978293667472144	7.913174669888576	0.0
401.1974858771523	0.19748587715230315	7.899435086092126	0.0
401.1950088894884	0.1950088894884061	7.8003555795362445	0.0
401.1877868207023	0.1877868207022857	7.511472828091428	0.0
401.2267306163797	0.2267306163797116	9.069224655188464	0.0
400.7413360216741	1.4713360216741194	58.853440866964775	0.0
400.2386692132656	0.9686692132656276	38.746768530625104	0.0
400.0715530275701	0.801553027570094	32.06212110280376	0.0
400.0392145659861	0.7692145659860898	30.768582639443594	0.0
400.0347578300151	0.7647578300151281	30.590313200605124	0.0
400.03424687623834	0.7642468762383601	30.569875049534403	0.0
400.0341963024088	0.7641963024088341	30.567852096353363	0.0
400.0341963024089	0.7641963024088909	30.567852096355637	0.0
400.0342468762384	0.7642468762384169	30.569875049536677	0.0
400.0347578300151	0.7647578300151281	30.590313200605124	0.0
400.03921456598613	0.7692145659861467	30.768582639445867	0.0
400.0715530275701	0.801553027570094	32.06212110280376	0.0
400.2386692132656	0.9686692132656276	38.746768530625104	0.0
400.7413360216741	1.4713360216741194	58.853440866964775	0.0
398.5110950307556	0.9710950307555777	38.84380123022311	0.0
398.47288810145034	0.9328881014503168	37.31552405801267	0.0
398.48307576003396	0.9430757600339348	37.72303040135739	0.0
398.48747880006465	0.9474788000646299	37.8991520025852	0.0
398.4883359101571	0.9483359101570841	37.93343640628336	0.0
398.4884554435104	0.9484554435103973	37.938217740415894	0.0
398.4884554435104	0.9484554435103973	37.938217740415894	0.0
398.4883359101571	0.9483359101570841	37.93343640628336	0.0
398.4874788000646	0.9474788000645731	37.89915200258292	0.0
398.4830757600339	0.9430757600338779	37.72303040135512	0.0
398.4728881014502	0.9328881014502031	37.31552405800812	0.0
398.51109503075554	0.9710950307555208	38.84380123022083	0.0
397.5765959879309	1.7665959879308843	70.66383951723537	0.0
397.0022515452879	1.1922515452878883	47.690061811515534	0.0
396.833302201205	1.0233022012050128	40.93208804820051	0.0
396.8059548749451	0.9959548749450846	39.838194997803384	0.0
396.8020382228741	0.9920382228741005	39.68152891496402	0.0
396.80154529524714	0.9915452952471355	39.66181180988542	0.0
396.8015452952471	0.9915452952470787	39.66181180988315	0.0
396.8020382228741	0.9920382228741005	39.68152891496402	0.0
396.8059548749451	0.9959548749450846	39.838194997803384	0.0
396.83330220120496	1.023302201204956	40.93208804819824	0.0
397.0022515452879	1.1922515452878883	47.690061811515534	0.0
397.5765959879309	1.7665959879308843	70.66383951723537	0.0
395.14809729632594	1.0680972963259592	42.72389185303837	0.0
395.0770951053753	0.9970951053753083	39.88380421501233	0.0
395.0753498127603	0.9953498127603098	39.81399251041239	0.0
395.07814328494123	0.9981432849412499	39.92573139765	0.0
395.07877262035197	0.9987726203519856	39.95090481407942	0.0
395.07877262035197	0.9987726203519856	39.95090481407942	0.0
395.07814328494123	0.9981432849412499	39.92573139765	0.0
395.07534981276035	0.9953498127603666	39.813992510414664	0.0
395.0770951053753	0.9970951053753083	39.88380421501233	0.0
395.14809729632594	1.0680972963259592	42.72389185303837	0.0
394.13981972638015	1.7898197263801308	71.59278905520523	0.0
393.55476751922845	1.204767519228426	48.19070076913704	0.0
393.3813485780526	1.0313485780525866	41.253943122103465	0.0
393.35324153443275	1.003241534432732	40.129661377309276	0.0
393.3501926976167	1.0001926976166828	40.00770790466731	0.0
393.3501926976167	1.0001926976166828	40.00770790466731	0.0
393.35324153443275	1.003241534432732	40.129661377309276	0.0
393.3813485780526	1.0313485780525866	41.253943122103465	0.0
393.5547675192284	1.204767519228369	48.190700769134764	0.0
394.1398197263801	1.789819726380074	71.59278905520296	0.0
391.69177099843523	1.0717709984352268	42.87083993740907	0.0
391.6196032403568	0.9996032403568051	39.984129614272206	0.0
391.6175059356517	0.9975059356517022	39.90023742606809	0.0
391.6194004725915	0.9994004725915033	39.97601890366013	0.0
391.61940047259145	0.9994004725914465	39.97601890365786	0.0
391.61750593565165	0.9975059356516454	39.900237426065814	0.0
391.6196032403568	0.9996032403568051	39.984129614272206	0.0
391.69177099843523	1.0717709984352268	42.87083993740907	0.0
390.68041388618525	1.790413886185263	71.61655544741052	0.0
390.0950926550231	1.2050926550231225	48.2037062009249	0.0
389.9216085328451	1.0316085328450981	41.264341313803925	0.0
389.89372885619395	1.003728856193959	40.14915424775836	0.0
389.89372885619395	1.003728856193959	40.14915424775836	0.0
389.921608532845	1.0316085328450413	41.26434131380165	0.0
390.0950926550231	1.2050926550231225	48.2037062009249	0.0
390.68041388618525	1.790413886185263	71.61655544741052	0.0
388.2318516367053	1.0718516367052757	42.87406546821103	0.0
388.15963085534713	0.9996308553471067	39.98523421388427	0.0
388.15736486861897	0.9973648686189449	39.894594744757796	0.0
388.15736486861897	0.9973648686189449	39.894594744757796	0.0
388.1596308553471	0.9996308553470499	39.985234213881995	0.0
388.2318516367053	1.0718516367052757	42.87406546821103	0.0
387.2206809614461	1.7906809614460713	71.62723845784285	0.0
386.63822500314257	1.2082250031425588	48.32900012570235	0.0
386.46640538962714	1.0364053896271344	41.456215585085374	0.0
386.4664053896271	1.0364053896270775	41.4562155850831	0.0
386.63822500314257	1.2082250031425588	48.32900012570235	0.0
387.22068096144613	1.790680961446128	71.62723845784512	0.0
384.80877378926067	1.108773789260681	44.35095157042724	0.0
384.74427411273905	1.0442741127390605	41.77096450956242	0.0
384.74427411273905	1.0442741127390605	41.77096450956242	0.0
384.8087737892607	1.1087737892607379	44.350951570429515	0.0
384.0767360169749	2.106736016974878	84.26944067899512	0.0
384.0625405505243	2.0925405505242907	83.70162202097163	0.0
384.0625405505244	2.0925405505243475	83.7016220209739	0.0
384.07673601697496	2.106736016974935	84.2694406789974	0.0

