Iteration number: 745 
Timestep: 360.0 [s]
Time of simulation: 432000.0 [s]
Time of simulation: 7200.0 [min]
Initial volume: 4320.0 [ m^3]
Total volume: 4320.000000000118 [m^3]
Time convergence of CG: 0.004745848 [s]
PiezHead	AquifThick	WaterVolume	Source
[m]	[m]	[m^3]	[m^3/s]
401.2019791047941	0.2019791047940771	8.079164191763084	0.0
401.1564210437907	0.15642104379071498	6.256841751628599	0.0
401.1638967352094	0.1638967352093914	6.555869408375656	0.0
401.16674046695204	0.16674046695203515	6.669618678081406	0.0
401.1671528244545	0.1671528244544902	6.686112978179608	0.0
401.1671965054066	0.1671965054065936	6.6878602162637435	0.0
401.16720038513677	0.16720038513676627	6.688015405470651	0.0
401.16720038513677	0.16720038513676627	6.688015405470651	0.0
401.1671965054066	0.1671965054065936	6.6878602162637435	0.0
401.1671528244545	0.1671528244544902	6.686112978179608	0.0
401.166740466952	0.1667404669519783	6.669618678079132	0.0
401.1638967352094	0.1638967352093914	6.555869408375656	0.0
401.1564210437907	0.15642104379071498	6.256841751628599	0.0
401.2019791047941	0.2019791047940771	8.079164191763084	0.0
400.7396834931988	1.4696834931988292	58.78733972795317	0.0
400.2318938136206	0.9618938136206339	38.475752544825355	0.0
400.0555121264271	0.7855121264271361	31.420485057085443	0.0
400.0196648677889	0.7496648677889084	29.986594711556336	0.0
400.0145036827491	0.7445036827490981	29.780147309963922	0.0
400.0138852412417	0.7438852412417418	29.755409649669673	0.0
400.0138211479714	0.7438211479714028	29.75284591885611	0.0
400.01382114797144	0.7438211479714596	29.752845918858384	0.0
400.0138852412417	0.7438852412417418	29.755409649669673	0.0
400.0145036827491	0.7445036827490981	29.780147309963922	0.0
400.01966486778895	0.7496648677889652	29.98659471155861	0.0
400.0555121264271	0.7855121264271361	31.420485057085443	0.0
400.2318938136206	0.9618938136206339	38.475752544825355	0.0
400.73968349319875	1.4696834931987723	58.787339727950894	0.0
398.5108422896798	0.9708422896797515	38.83369158719006	0.0
398.4652225869247	0.92522258692469	37.0089034769876	0.0
398.47487645374366	0.9348764537436409	37.39505814974564	0.0
398.4797616483131	0.9397616483130946	37.590465932523784	0.0
398.48078502879355	0.9407850287935275	37.6314011517411	0.0
398.4809361965459	0.9409361965458629	37.63744786183452	0.0
398.4809361965459	0.9409361965458629	37.63744786183452	0.0
398.48078502879355	0.9407850287935275	37.6314011517411	0.0
398.47976164831306	0.9397616483130378	37.59046593252151	0.0
398.4748764537436	0.9348764537435841	37.39505814974336	0.0
398.4652225869246	0.9252225869245763	37.00890347698305	0.0
398.5108422896797	0.9708422896796947	38.833691587187786	0.0
397.59805499954814	1.7880549995481374	71.5221999819255	0.0
397.01448385629	1.2044838562899827	48.17935425159931	0.0
396.8355500732262	1.0255500732262135	41.02200292904854	0.0
396.8050161041595	0.9950161041595038	39.80064416638015	0.0
396.80037344049697	0.9903734404969669	39.614937619878674	0.0
396.7997628152634	0.9897628152634184	39.590512610536734	0.0
396.79976281526336	0.9897628152633615	39.59051261053446	0.0
396.80037344049697	0.9903734404969669	39.614937619878674	0.0
396.8050161041595	0.9950161041595038	39.80064416638015	0.0
396.83555007322616	1.0255500732261567	41.022002929046266	0.0
397.01448385629	1.2044838562899827	48.17935425159931	0.0
397.59805499954814	1.7880549995481374	71.5221999819255	0.0
395.15989230983905	1.0798923098390674	43.195692393562695	0.0
395.0785656196034	0.9985656196034256	39.942624784137024	0.0
395.0746662882555	0.9946662882555302	39.78665153022121	0.0
395.07768875478274	0.9976887547827573	39.90755019131029	0.0
395.0784293125383	0.9984293125382919	39.93717250153168	0.0
395.0784293125383	0.9984293125382919	39.93717250153168	0.0
395.07768875478274	0.9976887547827573	39.90755019131029	0.0
395.07466628825557	0.994666288255587	39.78665153022348	0.0
395.0785656196034	0.9985656196034256	39.942624784137024	0.0
395.15989230983905	1.0798923098390674	43.195692393562695	0.0
394.16576463445824	1.815764634458219	72.63058537832876	0.0
393.5696911449253	1.2196911449252639	48.787645797010555	0.0
393.38530815423	1.0353081542299947	41.41232616919979	0.0
393.3537955835216	1.003795583521594	40.15182334086376	0.0
393.3502228199357	1.0002228199356864	40.008912797427456	0.0
393.3502228199357	1.0002228199356864	40.008912797427456	0.0
393.3537955835216	1.003795583521594	40.15182334086376	0.0
393.38530815423	1.0353081542299947	41.41232616919979	0.0
393.56969114492523	1.219691144925207	48.78764579700828	0.0
394.1657646344582	1.8157646344581622	72.63058537832649	0.0
391.7045709851062	1.084570985106211	43.38283940424844	0.0
391.62176106928104	1.0017610692810308	40.07044277124123	0.0
391.6173896783651	0.9973896783650957	39.89558713460383	0.0
391.619296846896	0.9992968468960157	39.97187387584063	0.0
391.61929684689596	0.9992968468959589	39.971873875838355	0.0
391.61738967836504	0.9973896783650389	39.895587134601556	0.0
391.62176106928104	1.0017610692810308	40.07044277124123	0.0
391.7045709851062	1.084570985106211	43.38283940424844	0.0
390.706568909852	1.8165689098520375	72.6627563940815	0.0
390.11013301342024	1.2201330134202522	48.805320536810086	0.0
389.92564923775194	1.0356492377519544	41.425969510078176	0.0
389.89439588954644	1.0043958895464584	40.17583558185834	0.0
389.89439588954644	1.0043958895464584	40.17583558185834	0.0
389.9256492377519	1.0356492377518975	41.4259695100759	0.0
390.11013301342024	1.2201330134202522	48.805320536810086	0.0
390.706568909852	1.8165689098520375	72.6627563940815	0.0
388.2446894883881	1.084689488388051	43.387579535522036	0.0
388.1617739144704	1.001773914470391	40.07095657881564	0.0
388.15712838075706	0.997128380757033	39.88513523028132	0.0
388.1571283807571	0.9971283807570899	39.885135230283595	0.0
388.16177391447036	1.0017739144703341	40.070956578813366	0.0
388.2446894883881	1.084689488388051	43.387579535522036	0.0
387.24703903933994	1.8170390393399316	72.68156157359726	0.0
386.65451929925075	1.224519299250744	48.980771970029764	0.0
386.47213682274435	1.0421368227443395	41.68547290977358	0.0
386.4721368227443	1.0421368227442827	41.685472909771306	0.0
386.6545192992508	1.224519299250801	48.98077197003204	0.0
387.24703903934	1.8170390393399884	72.68156157359954	0.0
384.83052425496896	1.1305242549689751	45.220970198759005	0.0
384.76096497107017	1.0609649710701774	42.438598842807096	0.0
384.76096497107017	1.0609649710701774	42.438598842807096	0.0
384.830524254969	1.130524254969032	45.22097019876128	0.0
384.1291885729055	2.159188572905464	86.36754291621855	0.0
384.11302807207113	2.143028072071104	85.72112288284416	0.0
384.11302807207113	2.143028072071104	85.72112288284416	0.0
384.12918857290555	2.1591885729055207	86.36754291622083	0.0

