Iteration number: 763 
Timestep: 360.0 [s]
Time of simulation: 432000.0 [s]
Time of simulation: 7200.0 [min]
Initial volume: 4320.0 [ m^3]
Total volume: 4320.000000000127 [m^3]
Time convergence of CG: 0.004738221 [s]
PiezHead	AquifThick	WaterVolume	Source
[m]	[m]	[m^3]	[m^3/s]
401.1909502391368	0.19095023913678233	7.638009565471293	0.0
401.1422963286756	0.14229632867562714	5.6918531470250855	0.0
401.1498878148252	0.14988781482520608	5.995512593008243	0.0
401.1529133199678	0.15291331996780855	6.116532798712342	0.0
401.15336066346765	0.15336066346765165	6.134426538706066	0.0
401.1534089325842	0.1534089325842274	6.1363573033690955	0.0
401.1534133057031	0.1534133057031113	6.136532228124452	0.0
401.1534133057031	0.1534133057031113	6.136532228124452	0.0
401.1534089325842	0.1534089325842274	6.1363573033690955	0.0
401.15336066346765	0.15336066346765165	6.134426538706066	0.0
401.15291331996775	0.1529133199677517	6.116532798710068	0.0
401.1498878148252	0.14988781482520608	5.995512593008243	0.0
401.1422963286756	0.14229632867562714	5.6918531470250855	0.0
401.1909502391368	0.19095023913678233	7.638009565471293	0.0
400.7384491550665	1.468449155066537	58.73796620266148	0.0
400.2284839745974	0.9584839745974136	38.339358983896545	0.0
400.0480597287701	0.7780597287701312	31.122389150805247	0.0
400.01057779115956	0.7405777911595806	29.623111646383222	0.0
400.0050758160973	0.7350758160973214	29.403032643892857	0.0
400.0044035996249	0.7344035996248977	29.376143984995906	0.0
400.0043325074882	0.7343325074882046	29.373300299528182	0.0
400.00433250748824	0.7343325074882614	29.373300299530456	0.0
400.0044035996249	0.7344035996248977	29.376143984995906	0.0
400.0050758160973	0.7350758160973214	29.403032643892857	0.0
400.0105777911596	0.7405777911596374	29.623111646385496	0.0
400.0480597287701	0.7780597287701312	31.122389150805247	0.0
400.2284839745974	0.9584839745974136	38.339358983896545	0.0
400.73844915506646	1.4684491550664802	58.73796620265921	0.0
398.51077449248186	0.9707744924818371	38.830979699273485	0.0
398.4616000808801	0.9216000808800686	36.864003235202745	0.0
398.47091257691807	0.9309125769180469	37.236503076721874	0.0
398.47601572443153	0.9360157244315133	37.44062897726053	0.0
398.47712118323693	0.9371211832369113	37.48484732947645	0.0
398.47728871189145	0.9372887118914264	37.491548475657055	0.0
398.47728871189145	0.9372887118914264	37.491548475657055	0.0
398.47712118323693	0.9371211832369113	37.48484732947645	0.0
398.4760157244315	0.9360157244314564	37.44062897725826	0.0
398.470912576918	0.93091257691799	37.2365030767196	0.0
398.46160008088	0.9216000808799549	36.8640032351982	0.0
398.5107744924818	0.9707744924817803	38.83097969927121	0.0
397.6074094355706	1.7974094355706143	71.89637742282457	0.0
397.0199543270697	1.2099543270696813	48.39817308278725	0.0
396.83657290495364	1.026572904953639	41.06291619814556	0.0
396.80453638669906	0.9945363866990533	39.78145546796213	0.0
396.799532306302	0.9895323063020101	39.5812922520804	0.0
396.7988613354077	0.9888613354077052	39.554453416308206	0.0
396.79886133540765	0.9888613354076483	39.55445341630593	0.0
396.799532306302	0.9895323063020101	39.5812922520804	0.0
396.80453638669906	0.9945363866990533	39.78145546796213	0.0
396.8365729049536	1.026572904953582	41.062916198143284	0.0
397.0199543270697	1.2099543270696813	48.39817308278725	0.0
397.6074094355706	1.7974094355706143	71.89637742282457	0.0
395.16545058965426	1.0854505896542719	43.418023586170875	0.0
395.0793408536226	0.9993408536226411	39.973634144905645	0.0
395.0743342705542	0.9943342705541909	39.773370822167635	0.0
395.0774539919213	0.9974539919213044	39.898159676852174	0.0
395.0782485078327	0.9982485078327272	39.92994031330909	0.0
395.0782485078327	0.9982485078327272	39.92994031330909	0.0
395.0774539919213	0.9974539919213044	39.898159676852174	0.0
395.07433427055423	0.9943342705542477	39.77337082216991	0.0
395.0793408536226	0.9993408536226411	39.973634144905645	0.0
395.16545058965426	1.0854505896542719	43.418023586170875	0.0
394.1773398878456	1.8273398878455964	73.09359551382386	0.0
393.5765184817811	1.2265184817810564	49.060739271242255	0.0
393.38719780846924	1.037197808469216	41.48791233876864	0.0
393.35406807798256	1.004068077982538	40.16272311930152	0.0
393.3502368710263	1.0002368710262886	40.00947484105154	0.0
393.3502368710263	1.0002368710262886	40.00947484105154	0.0
393.35406807798256	1.004068077982538	40.16272311930152	0.0
393.38719780846924	1.037197808469216	41.48791233876864	0.0
393.57651848178097	1.2265184817809427	49.06073927123771	0.0
394.17733988784556	1.8273398878455396	73.09359551382158	0.0
391.7106536815616	1.090653681561605	43.6261472624642	0.0
391.62289695219584	1.0028969521958402	40.11587808783361	0.0
391.6173534517122	0.997353451712172	39.89413806848688	0.0
391.6192467431492	0.9992467431491718	39.96986972596687	0.0
391.6192467431491	0.999246743149115	39.9698697259646	0.0
391.6173534517121	0.9973534517121152	39.89413806848461	0.0
391.62289695219584	1.0028969521958402	40.11587808783361	0.0
391.7106536815616	1.090653681561605	43.6261472624642	0.0
390.7182588258879	1.8282588258879287	73.13035303551715	0.0
390.11702455049834	1.2270245504983563	49.080982019934254	0.0
389.92758263434496	1.0375826343449717	41.50330537379887	0.0
389.89472671649503	1.0047267164950426	40.189068659801706	0.0
389.89472671649503	1.0047267164950426	40.189068659801706	0.0
389.9275826343449	1.0375826343449148	41.50330537379659	0.0
390.11702455049834	1.2270245504983563	49.080982019934254	0.0
390.7182588258879	1.8282588258879287	73.13035303551715	0.0
388.25079434670965	1.0907943467096288	43.63177386838515	0.0
388.16290272805577	1.0029027280557443	40.11610912222977	0.0
388.1570328979836	0.9970328979835585	39.88131591934234	0.0
388.15703289798364	0.9970328979836154	39.881315919344615	0.0
388.1629027280557	1.0029027280556875	40.1161091222275	0.0
388.25079434670965	1.0907943467096288	43.63177386838515	0.0
387.2588444362028	1.8288444362028144	73.15377744811258	0.0
386.66206368899975	1.2320636889997445	49.28254755998978	0.0
386.47480491805555	1.0448049180555472	41.79219672222189	0.0
386.47480491805555	1.0448049180555472	41.79219672222189	0.0
386.6620636889998	1.2320636889998013	49.282547559992054	0.0
387.2588444362029	1.8288444362028713	73.15377744811485	0.0
384.8410696208701	1.1410696208700983	45.64278483480393	0.0
384.7693947388962	1.0693947388962215	42.77578955584886	0.0
384.7693947388962	1.0693947388962215	42.77578955584886	0.0
384.84106962087014	1.1410696208701552	45.64278483480621	0.0
384.15301503828306	2.183015038283031	87.32060153132124	0.0
384.13595204640353	2.165952046403504	86.63808185614016	0.0
384.13595204640353	2.165952046403504	86.63808185614016	0.0
384.1530150382831	2.183015038283088	87.32060153132352	0.0

