Iteration number: 830 
Timestep: 360.0 [s]
Time of simulation: 432000.0 [s]
Time of simulation: 7200.0 [min]
Initial volume: 4320.0 [ m^3]
Total volume: 4320.0000000000255 [m^3]
Time convergence of CG: 0.004800992 [s]
PiezHead	AquifThick	WaterVolume	Source
[m]	[m]	[m^3]	[m^3/s]
401.1518938332509	0.15189383325088102	6.075753330035241	0.0
401.0915624791421	0.09156247914211235	3.662499165684494	0.0
401.09960521784143	0.09960521784142884	3.9842087136571536	0.0
401.1033842198238	0.10338421982379487	4.135368792951795	0.0
401.10398147592156	0.10398147592155738	4.159259036862295	0.0
401.1040501928471	0.1040501928471258	4.162007713885032	0.0
401.1040568683337	0.10405686833371419	4.162274733348568	0.0
401.1040568683337	0.10405686833371419	4.162274733348568	0.0
401.1040501928471	0.1040501928471258	4.162007713885032	0.0
401.10398147592156	0.10398147592155738	4.159259036862295	0.0
401.10338421982374	0.10338421982373802	4.135368792949521	0.0
401.09960521784143	0.09960521784142884	3.9842087136571536	0.0
401.0915624791421	0.09156247914211235	3.662499165684494	0.0
401.1518938332509	0.15189383325088102	6.075753330035241	0.0
400.73154931955736	1.4615493195573777	58.461972782295106	0.0
400.2143298515725	0.9443298515724905	37.77319406289962	0.0
400.0200853744907	0.750085374490709	30.00341497962836	0.0
399.97648741986364	0.706487419863663	28.25949679454652	0.0
399.9696367265644	0.6996367265643926	27.985469062575703	0.0
399.96874103957913	0.6987410395791471	27.949641583165885	0.0
399.9686393756055	0.6986393756055236	27.945575024220943	0.0
399.96863937560556	0.6986393756055804	27.945575024223217	0.0
399.96874103957913	0.6987410395791471	27.949641583165885	0.0
399.9696367265644	0.6996367265643926	27.985469062575703	0.0
399.97648741986364	0.706487419863663	28.25949679454652	0.0
400.0200853744907	0.750085374490709	30.00341497962836	0.0
400.2143298515725	0.9443298515724905	37.77319406289962	0.0
400.73154931955736	1.4615493195573777	58.461972782295106	0.0
398.5106676848824	0.9706676848823577	38.82670739529431	0.0
398.447702167019	0.9077021670189538	36.30808668075815	0.0
398.45520101888405	0.9152010188840336	36.608040755361344	0.0
398.46107434718243	0.9210743471824117	36.842973887296466	0.0
398.4625137260859	0.9225137260858673	36.900549043434694	0.0
398.4627525998191	0.9227525998190913	36.91010399276365	0.0
398.4627525998191	0.9227525998190913	36.91010399276365	0.0
398.46251372608583	0.9225137260858105	36.90054904343242	0.0
398.4610743471824	0.9210743471823548	36.84297388729419	0.0
398.455201018884	0.9152010188839768	36.60804075535907	0.0
398.44770216701886	0.9077021670188401	36.308086680753604	0.0
398.5106676848824	0.9706676848823577	38.82670739529431	0.0
397.6394000062906	1.829400006290598	73.17600025162392	0.0
397.03928475165014	1.229284751650141	49.17139006600564	0.0
396.8402481626206	1.0302481626205804	41.209926504823216	0.0
396.8024581403038	0.9924581403038246	39.698325612152985	0.0
396.7959755160855	0.9859755160854888	39.43902064341955	0.0
396.79504435169594	0.9850443516959331	39.40177406783732	0.0
396.7950443516959	0.9850443516958762	39.40177406783505	0.0
396.7959755160855	0.9859755160854888	39.43902064341955	0.0
396.8024581403038	0.9924581403038246	39.698325612152985	0.0
396.8402481626205	1.0302481626205235	41.20992650482094	0.0
397.03928475165014	1.229284751650141	49.17139006600564	0.0
397.6394000062906	1.829400006290598	73.17600025162392	0.0
395.186562020377	1.1065620203769981	44.262480815079925	0.0
395.082733402953	1.0027334029530266	40.109336118121064	0.0
395.0730196042912	0.9930196042911916	39.720784171647665	0.0
395.07642798980567	0.9964279898056816	39.857119592227264	0.0
395.07743567798724	0.9974356779872551	39.8974271194902	0.0
395.07743567798724	0.9974356779872551	39.8974271194902	0.0
395.07642798980567	0.9964279898056816	39.857119592227264	0.0
395.0730196042912	0.9930196042911916	39.720784171647665	0.0
395.082733402953	1.0027334029530266	40.109336118121064	0.0
395.186562020377	1.1065620203769981	44.262480815079925	0.0
394.21839534968615	1.868395349686125	74.735813987445	0.0
393.60154874622134	1.2515487462213173	50.06194984885269	0.0
393.39454922085207	1.0445492208520477	41.78196883408191	0.0
393.3551748942442	1.0051748942441918	40.20699576976767	0.0
393.3502881640809	1.000288164080871	40.01152656323484	0.0
393.3502881640809	1.000288164080871	40.01152656323484	0.0
393.3551748942442	1.0051748942441918	40.20699576976767	0.0
393.394549220852	1.0445492208519909	41.781968834079635	0.0
393.6015487462212	1.2515487462212036	50.061949848848144	0.0
394.2183953496861	1.8683953496860681	74.73581398744273	0.0
391.73408304464124	1.1140830446412338	44.56332178564935	0.0
391.62790051448087	1.0079005144808661	40.316020579234646	0.0
391.6173320764537	0.9973320764536879	39.89328305814752	0.0
391.61904944963874	0.9990494496387328	39.96197798554931	0.0
391.6190494496387	0.9990494496386759	39.96197798554704	0.0
391.61733207645364	0.9973320764536311	39.893283058145244	0.0
391.6279005144808	1.0079005144808093	40.31602057923237	0.0
391.7340830446412	1.114083044641177	44.56332178564708	0.0
390.75985633560975	1.869856335609768	74.79425342439072	0.0
390.1423625805872	1.252362580587203	50.09450322348812	0.0
389.93513827202474	1.045138272024758	41.80553088099032	0.0
389.89609045630215	1.0060904563021609	40.243618252086435	0.0
389.89609045630215	1.0060904563021609	40.243618252086435	0.0
389.9351382720247	1.045138272024701	41.805530880988044	0.0
390.1423625805872	1.252362580587203	50.09450322348812	0.0
390.75985633560975	1.869856335609768	74.79425342439072	0.0
388.2743399813783	1.1143399813782935	44.57359925513174	0.0
388.16788490418986	1.0078849041898366	40.31539616759346	0.0
388.1567883162691	0.9967883162690896	39.871532650763584	0.0
388.15678831626917	0.9967883162691464	39.87153265076586	0.0
388.1678849041898	1.0078849041897797	40.31539616759119	0.0
388.2743399813783	1.1143399813782935	44.57359925513174	0.0
387.30100916477977	1.871009164779764	74.84036659119056	0.0
386.69024040652107	1.2602404065210635	50.40961626084254	0.0
386.48482526562	1.054825265619968	42.19301062479872	0.0
386.48482526562	1.054825265619968	42.19301062479872	0.0
386.69024040652107	1.2602404065210635	50.40961626084254	0.0
387.3010091647798	1.8710091647798208	74.84036659119283	0.0
384.8829113798662	1.1829113798661979	47.316455194647915	0.0
384.80462108480447	1.104621084804478	44.18484339217912	0.0
384.80462108480447	1.104621084804478	44.18484339217912	0.0
384.88291137986624	1.1829113798662547	47.31645519465019	0.0
384.2397023458363	2.269702345836265	90.7880938334506	0.0
384.21940348358544	2.249403483585411	89.97613934341643	0.0
384.21940348358544	2.249403483585411	89.97613934341643	0.0
384.23970234583635	2.269702345836322	90.78809383345288	0.0

