Iteration number: 938 
Timestep: 360.0 [s]
Time of simulation: 432000.0 [s]
Time of simulation: 7200.0 [min]
Initial volume: 4320.0 [ m^3]
Total volume: 4320.0000000001255 [m^3]
Time convergence of CG: 0.004834346 [s]
PiezHead	AquifThick	WaterVolume	Source
[m]	[m]	[m^3]	[m^3/s]
401.09467030015037	0.09467030015036926	3.7868120060147703	0.0
401.0153482854309	0.015348285430889064	0.6139314172355625	0.0
401.02433534124214	0.024335341242135655	0.9734136496854262	0.0
401.0296250481181	0.029625048118077757	1.1850019247231103	0.0
401.0305399048811	0.03053990488109548	1.2215961952438192	0.0
401.0306551884055	0.030655188405489753	1.22620753621959	0.0
401.03066757774405	0.030667577744054597	1.2267031097621839	0.0
401.030667577744	0.030667577743997754	1.2267031097599101	0.0
401.0306551884055	0.030655188405489753	1.22620753621959	0.0
401.0305399048811	0.03053990488109548	1.2215961952438192	0.0
401.029625048118	0.029625048118020914	1.1850019247208365	0.0
401.02433534124214	0.024335341242135655	0.9734136496854262	0.0
401.0153482854309	0.015348285430889064	0.6139314172355625	0.0
401.09467030015037	0.09467030015036926	3.7868120060147703	0.0
400.7141607527866	1.4441607527866154	57.766430111464615	0.0
400.1872625457166	0.9172625457165964	36.690501828663855	0.0
399.97437863833215	0.7043786383321731	28.175145533286923	0.0
399.92103882992717	0.6510388299271881	26.041553197087524	0.0
399.9117850041993	0.6417850041993347	25.67140016797339	0.0
399.91045204170047	0.6404520417004846	25.618081668019386	0.0
399.91028466860104	0.6402846686010548	25.611386744042193	0.0
399.91028466860104	0.6402846686010548	25.611386744042193	0.0
399.91045204170047	0.6404520417004846	25.618081668019386	0.0
399.9117850041993	0.6417850041993347	25.67140016797339	0.0
399.92103882992717	0.6510388299271881	26.041553197087524	0.0
399.97437863833215	0.7043786383321731	28.175145533286923	0.0
400.1872625457166	0.9172625457165964	36.690501828663855	0.0
400.7141607527866	1.4441607527866154	57.766430111464615	0.0
398.51039875943644	0.9703987594364207	38.81595037745683	0.0
398.4241518390462	0.8841518390461829	35.366073561847315	0.0
398.4269223577818	0.8869223577817706	35.476894311270826	0.0
398.43383285668847	0.8938328566884479	35.75331426753792	0.0
398.4358926059068	0.8958926059067949	35.835704236271795	0.0
398.43628380029736	0.8962838002973399	35.851352011893596	0.0
398.43628380029736	0.8962838002973399	35.851352011893596	0.0
398.43589260590676	0.895892605906738	35.83570423626952	0.0
398.4338328566884	0.8938328566883911	35.75331426753564	0.0
398.42692235778173	0.8869223577817138	35.47689431126855	0.0
398.42415183904615	0.884151839046126	35.36607356184504	0.0
398.51039875943644	0.9703987594364207	38.81595037745683	0.0
397.6826004816876	1.8726004816875843	74.90401926750337	0.0
397.06685843651843	1.2568584365184279	50.274337460737115	0.0
396.84548972644757	1.0354897264475653	41.41958905790261	0.0
396.7979245969171	0.9879245969170825	39.5169838766833	0.0
396.788722588575	0.9787225885750104	39.148903543000415	0.0
396.7872509192495	0.9772509192495136	39.09003676998054	0.0
396.78725091924946	0.9772509192494567	39.09003676997827	0.0
396.788722588575	0.9787225885750104	39.148903543000415	0.0
396.7979245969171	0.9879245969170825	39.5169838766833	0.0
396.84548972644745	1.0354897264474516	41.419589057898065	0.0
397.06685843651843	1.2568584365184279	50.274337460737115	0.0
397.6826004816876	1.8726004816875843	74.90401926750337	0.0
395.22103230457583	1.1410323045758446	45.641292183033784	0.0
395.08967030155577	1.0096703015557864	40.386812062231456	0.0
395.07072413178446	0.990724131784475	39.628965271379	0.0
395.0742037152159	0.9942037152159173	39.76814860863669	0.0
395.07557690295107	0.9955769029510861	39.823076118043446	0.0
395.07557690295107	0.9955769029510861	39.823076118043446	0.0
395.0742037152159	0.9942037152159173	39.76814860863669	0.0
395.07072413178446	0.990724131784475	39.628965271379	0.0
395.0896703015557	1.0096703015557296	40.38681206222918	0.0
395.22103230457583	1.1410323045758446	45.641292183033784	0.0
394.2786481135128	1.9286481135127929	77.14592454051171	0.0
393.64047093910483	1.2904709391048073	51.61883756419229	0.0
393.407318079466	1.057318079465972	42.29272317863888	0.0
393.35725804116674	1.0072580411667218	40.29032164666887	0.0
393.35035567497096	1.0003556749709333	40.01422699883733	0.0
393.35035567497096	1.0003556749709333	40.01422699883733	0.0
393.35725804116674	1.0072580411667218	40.29032164666887	0.0
393.4073180794659	1.0573180794658583	42.29272317863433	0.0
393.6404709391047	1.2904709391046936	51.61883756418774	0.0
394.27864811351276	1.928648113512736	77.14592454050944	0.0
391.77363437615867	1.1536343761586636	46.145375046346544	0.0
391.6384603202994	1.0184603202993685	40.73841281197474	0.0
391.61774976556484	0.9977497655648335	39.90999062259334	0.0
391.6187054003723	0.9987054003722733	39.94821601489093	0.0
391.6187054003722	0.9987054003722164	39.94821601488866	0.0
391.6177497655648	0.9977497655647767	39.90999062259107	0.0
391.6384603202993	1.0184603202993117	40.738412811972466	0.0
391.7736343761586	1.1536343761586068	46.14537504634427	0.0
390.82145894539394	1.9314589453939561	77.25835781575825	0.0
390.1820757348128	1.2920757348128404	51.68302939251362	0.0
389.9484075112454	1.0584075112454343	42.33630044981737	0.0
389.8987540167208	1.0087540167207862	40.35016066883145	0.0
389.8987540167208	1.0087540167207862	40.35016066883145	0.0
389.94840751124536	1.0584075112453775	42.3363004498151	0.0
390.1820757348128	1.2920757348128404	51.68302939251362	0.0
390.82145894539394	1.9314589453939561	77.25835781575825	0.0
388.31423925549626	1.1542392554962362	46.16957021984945	0.0
388.1784716707136	1.0184716707135522	40.738866828542086	0.0
388.15692579437666	0.9969257943766365	39.87703177506546	0.0
388.1569257943767	0.9969257943766934	39.877031775067735	0.0
388.1784716707136	1.0184716707135522	40.738866828542086	0.0
388.31423925549626	1.1542392554962362	46.16957021984945	0.0
387.3640571320673	1.9340571320672666	77.36228528269066	0.0
386.73586536207927	1.3058653620792597	52.23461448317039	0.0
386.5012321935661	1.071232193566118	42.84928774264472	0.0
386.5012321935661	1.071232193566118	42.84928774264472	0.0
386.73586536207927	1.3058653620792597	52.23461448317039	0.0
387.36405713206733	1.9340571320673234	77.36228528269294	0.0
384.95780076232944	1.2578007623294525	50.3120304931781	0.0
384.8730042602042	1.173004260204209	46.92017040816836	0.0
384.8730042602042	1.173004260204209	46.92017040816836	0.0
384.95780076232955	1.2578007623295662	50.31203049318265	0.0
384.37353677351206	2.4035367735120303	96.14147094048121	0.0
384.34882942499706	2.3788294249970363	95.15317699988145	0.0
384.34882942499706	2.3788294249970363	95.15317699988145	0.0
384.3735367735121	2.403536773512087	96.14147094048349	0.0

