Iteration number: 974 
Timestep: 360.0 [s]
Time of simulation: 432000.0 [s]
Time of simulation: 7200.0 [min]
Initial volume: 4320.0 [ m^3]
Total volume: 4320.000000000044 [m^3]
Time convergence of CG: 0.010930204 [s]
PiezHead	AquifThick	WaterVolume	Source
[m]	[m]	[m^3]	[m^3/s]
401.0762411247285	0.0762411247284831	3.049644989139324	0.0
400.2417690803759	0.0	-0.0	0.0
401.0006776822217	6.776822216920664E-4	0.027107288867682655	0.0
401.00661074615243	0.006610746152432512	0.26442984609730047	0.0
401.00765563403115	0.007655634031152658	0.30622536124610633	0.0
401.00779097505057	0.00779097505056825	0.31163900202273	0.0
401.0078059783763	0.007805978376325129	0.31223913505300516	0.0
401.00780597837627	0.0078059783762682855	0.3122391350507314	0.0
401.00779097505057	0.00779097505056825	0.31163900202273	0.0
401.00765563403115	0.007655634031152658	0.30622536124610633	0.0
401.0066107461524	0.006610746152375668	0.26442984609502673	0.0
401.0006776822217	6.776822216920664E-4	0.027107288867682655	0.0
400.2417690803759	0.0	-0.0	0.0
401.0762411247285	0.0762411247284831	3.049644989139324	0.0
400.7069237531529	1.4369237531529393	57.47695012611757	0.0
400.16949434090395	0.8994943409039706	35.979773636158825	0.0
399.9589657961522	0.6889657961522175	27.5586318460887	0.0
399.90251564239315	0.632515642393173	25.30062569572692	0.0
399.89240921616926	0.6224092161692738	24.896368646770952	0.0
399.890909736881	0.6209097368810035	24.83638947524014	0.0
399.8907155683769	0.6207155683769088	24.82862273507635	0.0
399.8907155683769	0.6207155683769088	24.82862273507635	0.0
399.890909736881	0.6209097368810035	24.83638947524014	0.0
399.89240921616926	0.6224092161692738	24.896368646770952	0.0
399.90251564239315	0.632515642393173	25.30062569572692	0.0
399.9589657961522	0.6889657961522175	27.5586318460887	0.0
400.16949434090395	0.8994943409039706	35.979773636158825	0.0
400.7069237531529	1.4369237531529393	57.47695012611757	0.0
398.5100843606095	0.9700843606094622	38.80337442437849	0.0
398.4160389507006	0.8760389507006039	35.041558028024156	0.0
398.4167560946437	0.8767560946436674	35.0702437857467	0.0
398.42393974733835	0.8839397473383315	35.35758989353326	0.0
398.4262245693048	0.8862245693047726	35.4489827721909	0.0
398.42667727399584	0.8866772739958151	35.4670909598326	0.0
398.42667727399584	0.8866772739958151	35.4670909598326	0.0
398.42622456930474	0.8862245693047157	35.44898277218863	0.0
398.4239397473383	0.8839397473382746	35.357589893530985	0.0
398.4167560946437	0.8767560946436674	35.0702437857467	0.0
398.41603895070057	0.876038950700547	35.04155802802188	0.0
398.5100843606094	0.9700843606094054	38.803374424376216	0.0
397.69497467068766	1.8849746706876545	75.39898682750618	0.0
397.07504993718203	1.2650499371820274	50.601997487281096	0.0
396.8469836816265	1.0369836816265092	41.47934726506037	0.0
396.7960506993981	0.9860506993981062	39.44202797592425	0.0
396.7858599467231	0.9758599467231193	39.03439786892477	0.0
396.78417510382656	0.9741751038265534	38.967004153062135	0.0
396.7841751038265	0.9741751038264965	38.96700415305986	0.0
396.7858599467231	0.9758599467231193	39.03439786892477	0.0
396.79605069939805	0.9860506993980493	39.442027975921974	0.0
396.8469836816264	1.0369836816263955	41.47934726505582	0.0
397.07504993718203	1.2650499371820274	50.601997487281096	0.0
397.69497467068766	1.8849746706876545	75.39898682750618	0.0
395.2323979471552	1.1523979471552366	46.09591788620946	0.0
395.09230577174094	1.0123057717409552	40.492230869638206	0.0
395.06990883720556	0.9899088372055758	39.59635348822303	0.0
395.0732862405669	0.9932862405669312	39.731449622677246	0.0
395.0747809532772	0.9947809532771998	39.791238131087994	0.0
395.0747809532772	0.9947809532771998	39.791238131087994	0.0
395.0732862405669	0.9932862405669312	39.731449622677246	0.0
395.06990883720556	0.9899088372055758	39.59635348822303	0.0
395.0923057717409	1.0123057717408983	40.49223086963593	0.0
395.2323979471552	1.1523979471552366	46.09591788620946	0.0
394.29730920359924	1.947309203599218	77.89236814396872	0.0
393.6530253473324	1.3030253473323796	52.121013893295185	0.0
393.4117863718593	1.0617863718592844	42.471454874371375	0.0
393.3580306475715	1.008030647571502	40.32122590286008	0.0
393.3503697735094	1.0003697735093624	40.014790940374496	0.0
393.3503697735094	1.0003697735093624	40.014790940374496	0.0
393.3580306475715	1.008030647571502	40.32122590286008	0.0
393.4117863718592	1.0617863718591707	42.47145487436683	0.0
393.6530253473323	1.303025347332266	52.12101389329064	0.0
394.2973092035992	1.9473092035991613	77.89236814396645	0.0
391.7870937270436	1.167093727043607	46.68374908174428	0.0
391.6426232026478	1.0226232026478215	40.90492810591286	0.0
391.6180320004401	0.9980320004401051	39.921280017604204	0.0
391.61858636006275	0.9985863600627454	39.943454402509815	0.0
391.6185863600627	0.9985863600626885	39.94345440250754	0.0
391.61803200044005	0.9980320004400483	39.92128001760193	0.0
391.64262320264777	1.0226232026477646	40.904928105910585	0.0
391.7870937270435	1.1670937270434933	46.683749081739734	0.0
390.8407294482689	1.9507294482689304	78.02917793075721	0.0
390.19499638179474	1.3049963817947514	52.19985527179006	0.0
389.95310128691574	1.063101286915753	42.52405147663012	0.0
389.8997773892439	1.0097773892439363	40.391095569757454	0.0
389.8997773892439	1.0097773892439363	40.391095569757454	0.0
389.9531012869157	1.0631012869156962	42.52405147662785	0.0
390.19499638179474	1.3049963817947514	52.19985527179006	0.0
390.8407294482689	1.9507294482689304	78.02917793075721	0.0
388.327875376386	1.1678753763859504	46.715015055438016	0.0
388.1826768382332	1.022676838233167	40.90707352932668	0.0
388.1571604003139	0.9971604003138737	39.886416012554946	0.0
388.15716040031396	0.9971604003139305	39.88641601255722	0.0
388.1826768382332	1.022676838233167	40.90707352932668	0.0
388.327875376386	1.1678753763859504	46.715015055438016	0.0
387.3839748677215	1.953974867721513	78.15899470886052	0.0
386.7511166524405	1.3211166524404803	52.84466609761921	0.0
386.5068038316594	1.0768038316593902	43.07215326637561	0.0
386.5068038316594	1.0768038316593902	43.07215326637561	0.0
386.7511166524405	1.3211166524404803	52.84466609761921	0.0
387.3839748677216	1.9539748677215698	78.15899470886279	0.0
384.98447519575177	1.2844751957517815	51.37900783007126	0.0
384.8985831103823	1.1985831103822875	47.9433244152915	0.0
384.8985831103823	1.1985831103822875	47.9433244152915	0.0
384.9844751957519	1.2844751957518952	51.37900783007581	0.0
384.4167664130889	2.4467664130888807	97.87065652355523	0.0
384.39089519316167	2.420895193161641	96.83580772646565	0.0
384.39089519316167	2.420895193161641	96.83580772646565	0.0
384.41676641308896	2.4467664130889375	97.8706565235575	0.0

