Iteration number: 980 
Timestep: 360.0 [s]
Time of simulation: 432000.0 [s]
Time of simulation: 7200.0 [min]
Initial volume: 4320.0 [ m^3]
Total volume: 4320.000000000022 [m^3]
Time convergence of CG: 0.008707935 [s]
PiezHead	AquifThick	WaterVolume	Source
[m]	[m]	[m^3]	[m^3/s]
401.07304611894375	0.07304611894375057	2.921844757750023	0.0
400.2333393059987	0.0	-0.0	0.0
399.9584715325351	0.0	-0.0	0.0
401.00282683713914	0.0028268371391391156	0.11307348556556462	0.0
401.0039163561376	0.003916356137608545	0.15665424550434182	0.0
401.0040552910929	0.0040552910929250174	0.1622116437170007	0.0
401.0040707709092	0.004070770909208932	0.16283083636835727	0.0
401.00407077090915	0.004070770909152088	0.16283083636608353	0.0
401.0040552910929	0.0040552910929250174	0.1622116437170007	0.0
401.0039163561376	0.003916356137608545	0.15665424550434182	0.0
401.0028268371391	0.002826837139082272	0.11307348556329089	0.0
399.958471532535	0.0	-0.0	0.0
400.2333393059987	0.0	-0.0	0.0
401.07304611894375	0.07304611894375057	2.921844757750023	0.0
400.70559388996617	1.435593889966185	57.4237555986474	0.0
400.1643223178877	0.8943223178877133	35.77289271550853	0.0
399.9531973947458	0.6831973947458323	27.327895789833292	0.0
399.8994228124943	0.6294228124943402	25.176912499773607	0.0
399.8891785619308	0.6191785619308234	24.767142477232937	0.0
399.88765034904156	0.6176503490415826	24.706013961663302	0.0
399.88745146459405	0.617451464594069	24.69805858376276	0.0
399.88745146459405	0.617451464594069	24.69805858376276	0.0
399.88765034904156	0.6176503490415826	24.706013961663302	0.0
399.8891785619308	0.6191785619308234	24.767142477232937	0.0
399.8994228124943	0.6294228124943402	25.176912499773607	0.0
399.9531973947458	0.6831973947458323	27.327895789833292	0.0
400.1643223178877	0.8943223178877133	35.77289271550853	0.0
400.70559388996617	1.435593889966185	57.4237555986474	0.0
398.50997656844453	0.9699765684445083	38.79906273778033	0.0
398.41466731869394	0.8746673186939233	34.98669274775693	0.0
398.4150281420296	0.8750281420295778	35.00112568118311	0.0
398.42225338223415	0.8822533822341256	35.290135289365026	0.0
398.42457645667986	0.884576456679838	35.38305826719352	0.0
398.42503994355434	0.8850399435543181	35.401597742172726	0.0
398.42503994355434	0.8850399435543181	35.401597742172726	0.0
398.4245764566798	0.8845764566797811	35.383058267191245	0.0
398.4222533822341	0.8822533822340688	35.29013528936275	0.0
398.4150281420296	0.8750281420295778	35.00112568118311	0.0
398.4146673186939	0.8746673186938665	34.98669274775466	0.0
398.5099765684445	0.9699765684444515	38.79906273777806	0.0
397.6969460450876	1.8869460450875977	75.4778418035039	0.0
397.0763667868591	1.2663667868591233	50.65467147436493	0.0
396.8472183574231	1.0372183574231144	41.48873429692458	0.0
396.79571960050754	0.9857196005075366	39.428784020301464	0.0
396.78536037087605	0.9753603708760465	39.01441483504186	0.0
396.7836384245271	0.9736384245271097	38.94553698108439	0.0
396.78363842452706	0.9736384245270528	38.945536981082114	0.0
396.78536037087605	0.9753603708760465	39.01441483504186	0.0
396.7957196005075	0.9857196005074798	39.42878402029919	0.0
396.847218357423	1.0372183574230007	41.48873429692003	0.0
397.0763667868591	1.2663667868591233	50.65467147436493	0.0
397.6969460450876	1.8869460450875977	75.4778418035039	0.0
395.23427910207795	1.1542791020779646	46.17116408311858	0.0
395.0927576121562	1.0127576121562356	40.510304486249424	0.0
395.06977026907975	0.9897702690797701	39.5908107631908	0.0
395.073124084299	0.9931240842990405	39.72496337196162	0.0
395.0746388171498	0.9946388171497915	39.78555268599166	0.0
395.0746388171498	0.9946388171497915	39.78555268599166	0.0
395.073124084299	0.9931240842990405	39.72496337196162	0.0
395.06977026907975	0.9897702690797701	39.5908107631908	0.0
395.09275761215616	1.0127576121561788	40.51030448624715	0.0
395.23427910207795	1.1542791020779646	46.17116408311858	0.0
394.30035598349633	1.9503559834963085	78.01423933985234	0.0
393.65509675341286	1.3050967534128404	52.203870136513615	0.0
393.412540023724	1.0625400237239546	42.501600948958185	0.0
393.3581630411689	1.0081630411688707	40.32652164675483	0.0
393.350371545267	1.0003715452670008	40.01486181068003	0.0
393.350371545267	1.0003715452670008	40.01486181068003	0.0
393.3581630411689	1.0081630411688707	40.32652164675483	0.0
393.41254002372386	1.062540023723841	42.50160094895364	0.0
393.65509675341275	1.3050967534127267	52.20387013650907	0.0
394.3003559834963	1.9503559834962516	78.01423933985006	0.0
391.7893440871714	1.169344087171396	46.77376348685584	0.0
391.64334638951846	1.0233463895184514	40.933855580738054	0.0
391.61808651780683	0.9980865178068257	39.92346071227303	0.0
391.61856639255825	0.9985663925582458	39.94265570232983	0.0
391.6185663925582	0.9985663925581889	39.942655702327556	0.0
391.6180865178068	0.9980865178067688	39.92346071227075	0.0
391.6433463895184	1.0233463895183945	40.93385558073578	0.0
391.78934408717123	1.1693440871712255	46.77376348684902	0.0
390.8438865498955	1.9538865498955147	78.15546199582059	0.0
390.1971346119832	1.3071346119832015	52.28538447932806	0.0
389.9538958426335	1.0638958426334852	42.55583370533941	0.0
389.89995480622713	1.0099548062271424	40.398192249085696	0.0
389.89995480622713	1.0099548062271424	40.398192249085696	0.0
389.9538958426334	1.0638958426334284	42.555833705337136	0.0
390.1971346119832	1.3071346119832015	52.28538447932806	0.0
390.8438865498955	1.9538865498955147	78.15546199582059	0.0
388.33015879864325	1.1701587986432287	46.80635194572915	0.0
388.1834093397443	1.023409339744262	40.93637358977048	0.0
388.15720993285913	0.9972099328591071	39.88839731436428	0.0
388.1572099328592	0.9972099328591639	39.88839731436656	0.0
388.1834093397443	1.023409339744262	40.93637358977048	0.0
388.33015879864325	1.1701587986432287	46.80635194572915	0.0
387.3872484921096	1.9572484921096134	78.28993968438454	0.0
386.75366063663984	1.3236606366398291	52.946425465593165	0.0
386.50773994750375	1.0777399475037441	43.109597900149765	0.0
386.50773994750375	1.0777399475037441	43.109597900149765	0.0
386.75366063663984	1.3236606366398291	52.946425465593165	0.0
387.3872484921097	1.9572484921096702	78.28993968438681	0.0
384.98899349843606	1.2889934984360707	51.55973993744283	0.0
384.9029669825518	1.2029669825518	48.118679302071996	0.0
384.9029669825518	1.2029669825518	48.118679302071996	0.0
384.9889934984362	1.2889934984361844	51.559739937447375	0.0
384.423912479656	2.453912479655969	98.15649918623876	0.0
384.39786390043116	2.4278639004311344	97.11455601724538	0.0
384.39786390043116	2.4278639004311344	97.11455601724538	0.0
384.42391247965605	2.453912479656026	98.15649918624104	0.0

