1.0
0.9957209088299045
0.9914235491128441
0.9871078850951555
0.9827738811014067
0.9784215015345102
0.974050710875827
0.969661473685271
0.9652537546014083
0.9608275183415541
0.9563827297018669
0.951919353557438
0.9474373548623791
0.9429366986499067
0.9384173500324239
0.9338792742015968
0.9293224364284309
0.9247468020633428
0.9201523365362303
0.9155390053565368
0.9109067741133159
0.9062556084752917
0.9015854741909164
0.8968963370884242
0.8921881630758851
0.8874609181412519
0.8827145683524078
0.877949079857211
0.8731644188835336
0.8683605517393012
0.8635374448125289
0.8586950645713535
0.8538333775640646
0.8489523504191312
0.8440519498452294
0.8391321426312635
0.834192895646386
0.8292341758400159
0.8242559502418554
0.8192581859619005
0.8142408501904528
0.8092039101981279
0.8041473333358601
0.7990710870349069
0.7939751388068497
0.7888594562435914
0.7837240070173563
0.7785687588806801
0.7733936796664047
0.7681987372876684
0.7629838997378909
0.7577491350907617
0.7524944115002221
0.7472196972004466
0.7419249605058218
0.7366101698109241
0.7312752935904945
0.7259203003994117
0.7205451588726628
0.7151498377253123
0.7097343057524695
0.7042985318292537
0.6988424849107567
0.6933661340320051
0.6878694483079183
0.6823523969332669
0.6768149491826289
0.671257074410342
0.6656787420504569
0.6600799216166873
0.6544605827023579
0.6488206949803519
0.643160228203055
0.6374791522022994
0.631777436889306
0.6260550522546222
0.6203119683680632
0.6145481553786456
0.6087635835145246
0.6029582230829268
0.5971320444700813
0.5912850181411511
0.5854171146401612
0.5795283045899267
0.5736185586919766
0.5676878477264807
0.56173614255217
0.5557634141062588
0.5497696334043652
0.54375477154043
0.5377187996866308
0.5316616890933017
0.5255834110888439
0.5194839370796416
0.5133632385499723
0.5072212870619164
0.501058054255268
0.49487351184744044
0.4886676316333754
0.48244038548544527
0.47619174535335906
0.46992168326406425
0.46363017132164885
0.45731718170724134
0.4509826866789099
0.44462665857156086
0.4382490697968343
0.4318498928430019
0.4254291002748593
0.4189866647336212
0.412522558936813
0.40603675567816283
0.3995292278274915
0.3929999483306008
0.38644889020916423
0.37987602656061165
0.3732813305580171
0.36666477544998366
0.36002633456052735
0.35336598128896113
0.3466836891097772
0.3399794315725279
0.33325318230170714
0.3265049149966289
0.31973460343130794
0.31294222145433537
0.30612774298875745
0.29929114203195084
0.2924323926554993
0.2855514690050661
0.27864834530026955
0.2717229958345556
0.26477539497506974
0.2578055171625281
0.2508133369110884
0.24379882880822099
0.2367619675145758
0.22970272776385242
0.22262108436266748
0.2155170121904215
0.20839048619916542
0.20124148141346596
0.19406997293027148
0.18687593591877535
0.17965934562028033
0.17242017734806175
0.16515840648722904
0.1578740084945892
0.15056695889850674
0.1432372332987653
0.1358848073664272
0.12850965684369306
0.12111175754376162
0.11369108535068703
0.106247616219238
0.09878132617475452
0.09129219131300463
0.08378018780004153
0.07624529187205956
0.0686874798352489
0.06110672806565109
0.05350301300901398
0.04587631118064484
0.03822659916526515
0.030553853616862765
0.02285805125854586
0.015139168882394308
0.007397183349312155
0.0
0.0
0.0
0.0
0.0
0.0
0.0
0.0
0.0
0.0
0.0
0.0
0.0
0.0
0.0
0.0
0.0
0.0
0.0
0.0
0.0
0.0
0.0
0.0
0.0
0.0
0.0
0.0
0.0
0.0
0.0
0.0
0.0
0.0
0.0
0.0
0.0
0.0
0.0
0.0
0.0
0.0
0.0
0.0
0.0
0.0
0.0
0.0
0.0
0.0
0.0
0.0
0.0
0.0
0.0
0.0
0.0
0.0
0.0
0.0
0.0
0.0
0.0
0.0
0.0
0.0
0.0
0.0
0.0
0.0
0.0
0.0
0.0
0.0
0.0
0.0
0.0
0.0
0.0
0.0
0.0
0.0
0.0
0.0
0.0
0.0
0.0
0.0
0.0
0.0
0.0
0.0
0.0
0.0
0.0
0.0
0.0
0.0
0.0
0.0
0.0
0.0
0.0
0.0
0.0
0.0
0.0
0.0
0.0
0.0
0.0
0.0
0.0
0.0
0.0
0.0
0.0
0.0
0.0
0.0
0.0
0.0
0.0
0.0
0.0
0.0
0.0
0.0
0.0
0.0
0.0
0.0
0.0
0.0
0.0
0.0
0.0
0.0
0.0
0.0
0.0
0.0
0.0
0.0
0.0
0.0
0.0
0.0
0.0
0.0
0.0
0.0
0.0
0.0
0.0
0.0
0.0
0.0
0.0
0.0
0.0
0.0
0.0
0.0
0.0
0.0
0.0
0.0
0.0
0.0
0.0
0.0
0.0
0.0
0.0
0.0
0.0
0.0
0.0
0.0
0.0
0.0
0.0
0.0
0.0
0.0
0.0
0.0
0.0
0.0
0.0
0.0
0.0
0.0
0.0
0.0
0.0
0.0
0.0
0.0
0.0
0.0
0.0
0.0
0.0
0.0
0.0
0.0
0.0
0.0
0.0
0.0
0.0
0.0
0.0
0.0
0.0
0.0
0.0
0.0
0.0
0.0
0.0
0.0
0.0
0.0
0.0
0.0
0.0
0.0
0.0
0.0
0.0
0.0
0.0
0.0
0.0
0.0
0.0
0.0
0.0
0.0
0.0
0.0
0.0
0.0
0.0
0.0
0.0
0.0
0.0
0.0
0.0
0.0
0.0
0.0
0.0
0.0
0.0
0.0
0.0
0.0
0.0
0.0
0.0
0.0
0.0
0.0
0.0
0.0
0.0
0.0
0.0
0.0
0.0
0.0
0.0
0.0
0.0
0.0
0.0
0.0
0.0
0.0
0.0
0.0
0.0
0.0
0.0
0.0
0.0
0.0
0.0
0.0
0.0
0.0
0.0
0.0
0.0
0.0
0.0
0.0
0.0
0.0
0.0
0.0
0.0
0.0
0.0
0.0
0.0
0.0
0.0
0.0
0.0
0.0
0.0
0.0
0.0
0.0
0.0
0.0
0.0
0.0
0.0
0.0
0.0
0.0
0.0
0.0
0.0
0.0

