1.0
0.9824155800049763
0.9645248532871383
0.9463254118042543
0.9278148694167887
0.9089908619845323
0.889851047449195
0.870393105903464
0.8506147396470165
0.8305136732299729
0.8100876534842544
0.7893344495433094
0.7682518528506527
0.7468376771576567
0.725089758511025
0.703005955230358
0.680584147876228
0.6578222392091484
0.6347181541398351
0.6112698396711295
0.5874752648319547
0.5633324206036616
0.538839319839112
0.5139939971748421
0.4887945089366315
0.46323893303880226
0.4373253688775603
0.41105193721868005
0.38441678007982977
0.3574180606078248
0.33005396295108125
0.30232269212754853
0.27422247388837384
0.245751554577559
0.21690820098785146
0.1876907002131091
0.1580973594973704
0.1281265060808499
0.09777648704307966
0.06704566914339916
0.035932438659001704
0.004435201220725789
0.0
0.0
0.0
0.0
0.0
0.0
0.0
0.0
0.0
0.0
0.0
0.0
0.0
0.0
0.0
0.0
0.0
0.0
0.0
0.0
0.0
0.0
0.0
0.0
0.0
0.0
0.0
0.0
0.0
0.0
0.0
0.0
0.0
0.0
0.0
0.0
0.0
0.0
0.0
0.0
0.0
0.0
0.0
0.0
0.0
0.0
0.0
0.0
0.0
0.0
0.0
0.0
0.0
0.0
0.0
0.0
0.0
0.0

