401.0
401.0
401.0
401.0
401.0
401.0
401.0
401.0
401.0
401.0
401.0
401.0
401.0
401.0
399.27
399.27
399.27
399.27
399.27
399.27
399.27
399.27
399.27
399.27
399.27
399.27
399.27
399.27
397.54
397.54
397.54
397.54
397.54
397.54
397.54
397.54
397.54
397.54
397.54
397.54
395.81
395.81
395.81
395.81
395.81
395.81
395.81
395.81
395.81
395.81
395.81
395.81
394.08
394.08
394.08
394.08
394.08
394.08
394.08
394.08
394.08
394.08
392.35
392.35
392.35
392.35
392.35
392.35
392.35
392.35
392.35
392.35
390.62
390.62
390.62
390.62
390.62
390.62
390.62
390.62
388.89
388.89
388.89
388.89
388.89
388.89
388.89
388.89
387.16
387.16
387.16
387.16
387.16
387.16
385.43
385.43
385.43
385.43
385.43
385.43
383.7
383.7
383.7
383.7
381.97
381.97
381.97
381.97
