401.0
401.0
401.0
401.0
401.0
401.0
401.0
401.0
401.0
401.0
401.0
401.0
401.0
401.0
392.92
392.92
392.92
392.92
392.92
392.92
392.92
392.92
392.92
392.92
392.92
392.92
392.92
392.92
384.84
384.84
384.84
384.84
384.84
384.84
384.84
384.84
384.84
384.84
384.84
384.84
376.76
376.76
376.76
376.76
376.76
376.76
376.76
376.76
376.76
376.76
376.76
376.76
368.68
368.68
368.68
368.68
368.68
368.68
368.68
368.68
368.68
368.68
360.6
360.6
360.6
360.6
360.6
360.6
360.6
360.6
360.6
360.6
352.52
352.52
352.52
352.52
352.52
352.52
352.52
352.52
344.44
344.44
344.44
344.44
344.44
344.44
344.44
344.44
336.36
336.36
336.36
336.36
336.36
336.36
328.28
328.28
328.28
328.28
328.28
328.28
320.2
320.2
320.2
320.2
312.12
312.12
312.12
312.12
