402.0
402.0
402.0
402.0
402.0
402.0
402.0
402.0
402.0
402.0
402.0
402.0
402.0
402.0
393.92
393.92
393.92
393.92
393.92
393.92
393.92
393.92
393.92
393.92
393.92
393.92
393.92
393.92
385.84
385.84
385.84
385.84
385.84
385.84
385.84
385.84
385.84
385.84
385.84
385.84
377.76
377.76
377.76
377.76
377.76
377.76
377.76
377.76
377.76
377.76
377.76
377.76
369.68
369.68
369.68
369.68
369.68
369.68
369.68
369.68
369.68
369.68
361.6
361.6
361.6
361.6
361.6
361.6
361.6
361.6
361.6
361.6
353.52
353.52
353.52
353.52
353.52
353.52
353.52
353.52
345.44
345.44
345.44
345.44
345.44
345.44
345.44
345.44
337.36
337.36
337.36
337.36
337.36
337.36
329.28
329.28
329.28
329.28
329.28
329.28
321.2
321.2
321.2
321.2
313.12
313.12
313.12
313.12
